0.0
0.0
0.0
0.0
0.0020522716961983625
0.0039072897057689515
0.00336325442802648
0.0
0.0
0.006723458784728844
0.002374699259227177
0.00064370039258985
0.0
0.0017116283750245674
0.002088913328057914
0.0
0.0
0.0
0.005643717028370678
0.0
0.0031767699579408836
0.005233364089228752
0.22315569756124748
0.0
0.00039001682398595133
0.22315569756124748
0.22315569756124748
0.004930893935044728
0.004825384077380243
0.004798302553615527
0.0007225941801661859
0.0
0.0
0.0010135862878763318
0.0
0.0
0.006563314437928579
0.007211700264520806
0.22315569756124748
2.74317037663554e-05
0.0006385346067946685
0.005570644948942401
0.006991223378166843
0.004984749425101025
0.0
0.0
0.0
0.0
0.0
0.0
0.0
0.0
0.00039710270750992725
0.003775069208355017
0.007380153448240406
0.002125586575932307
0.00038578146325411337
0.0
0.002984970854615218
0.00220977794427152
0.002186951623121687
2.6428269575400087e-05
0.000308103973080989
9.840018601257987e-06
