0.0
2.7798342768164727e-06
1.001653534661621e-06
4.144193019458741e-06
8.431791502961113e-06
6.699642004300988e-06
7.876491053989093e-06
9.534475634078771e-07
3.813951963494712e-06
1.1095373689927058e-05
9.683662188951607e-06
7.417670750925004e-06
4.869240181104292e-06
1.2372720072847447e-06
9.631486649483105e-06
8.637547881451064e-06
0.0
1.5934502272030684e-06
6.296898380550806e-06
9.280146682094821e-06
1.180461718509819e-06
3.585077318882916e-06
7.155354385183826e-06
2.784535868338049e-06
1.8872002972894663e-06
1.5186792619742495e-06
1.1099194494109786e-05
7.52777623068305e-06
0.0
6.097614955839122e-06
6.289847937078013e-06
3.6302767700803284e-06
7.408849322930416e-06
9.718646110432984e-06
1.948886635326086e-06
8.438084419200129e-06
5.688449466957131e-06
3.1754347051431525e-06
1.0187203976832164e-05
0.0
5.675058936636214e-06
5.3434343516488e-06
0.0
1.060905754327031e-05
9.687309264685102e-06
2.2540060389242383e-06
6.940271842374491e-06
6.748881785570661e-06
5.501333656719336e-06
4.520874646217353e-06
4.978864686127459e-06
1.0989899712325991e-05
6.098458686804441e-06
1.1029225045740295e-05
7.510038846038954e-06
1.0143308500180826e-05
1.1625738571327949e-06
1.1018791210606759e-05
5.983931387066051e-06
6.947938123212512e-06
7.216301640625137e-06
7.777799484292268e-06
0.0
9.212363314183288e-06
