0.0
0.0
0.004193794117556682
0.0
0.0
0.0
0.006760082694292348
0.0004870558376963377
0.003549050549657622
0.0040826581773736855
0.004155453935073083
0.007667846118824469
0.007529884374155592
0.008122916848880972
0.0026990092724973264
0.0
0.0
0.0
0.0
0.0021855576533249157
0.007003631703984221
0.0020013267033742767
0.0027590429362719534
0.28238244696800097
0.0
0.0
0.0
0.006904368478692883
0.0075978724317171615
0.00037131797264317864
0.007243279795534035
0.0
0.0
0.005568797200849471
0.0
0.28238244696800097
0.0
0.0047115031155615305
0.0
0.0028071438299659096
0.006900629967495142
0.0028251732858226865
0.00150681826999928
0.0015247742668324865
0.0011174806596483012
0.006684780691538342
0.003208613903410572
0.28238244696800097
0.002281433221937083
0.0
0.007682287316388043
0.0015653269296122948
0.0
0.0008962316479085819
0.005548559143834767
0.00157295576976326
0.0032500923172734423
0.0
0.0
0.0
0.0
0.0
0.0
0.007885907956604925
