2.6248469273594193e-06
2.4868426247519807e-06
2.818323281169436e-06
0.0
1.5429490234581111e-06
1.932080126215368e-06
3.7019691650027594e-06
1.8433575365247053e-06
0.0
2.8922181499771407e-06
1.4208749953929236e-06
3.691891397968916e-06
1.7958620624607466e-06
0.0
2.311053382559456e-07
2.6418462538173773e-06
1.6058614320340723e-06
6.808852685539821e-07
3.2828843617646466e-06
0.0
3.9156977778605435e-06
0.0
0.0
0.0
1.4819898084579414e-06
0.0
0.0
3.6132525779262403e-06
0.009635803594304089
2.204892390899286e-06
3.7120256205168463e-06
1.1447276542889985e-06
0.0
4.099288818197273e-06
2.245883455156336e-06
2.5545495017403184e-06
2.1817985949748953e-07
4.0420545018414364e-06
3.942597727767663e-06
0.0
0.0
0.0
0.0
0.0
1.1837093723412697e-06
1.0113451819727172e-06
3.114835838713295e-06
1.8811091853151198e-06
1.0588153266955528e-06
3.2857303168933873e-06
1.5500489717585208e-06
3.6987421876078237e-06
1.5102264843516772e-06
0.0
1.5642580054867628e-06
0.0
3.459363892484901e-06
0.009635803594304089
2.2265108739207944e-06
2.1182390941103706e-06
0.0
0.009635803594304089
1.5443097037248562e-06
0.0
