1.4667927241567898e-06
1.8071528889105456e-06
7.640393146698395e-07
0.0
1.2167557909325156e-06
2.552855758740702e-06
3.6247372970814976e-06
3.39767994877686e-06
4.9779897285161146e-06
2.631671986035728e-06
4.151103657632124e-06
5.412636246779068e-06
4.068333110590634e-06
2.5886655921926466e-06
1.9045179076025767e-06
0.0
2.4986564691961845e-06
5.177415391678612e-06
0.0
4.910175028807994e-06
3.6734857930387417e-06
7.248357473774149e-07
3.4638858519958893e-06
0.0
4.476797590711432e-06
1.1266354660357459e-08
3.2054656598414896e-06
1.7669129216133075e-06
2.854008828980105e-07
0.0
9.295516153627497e-07
1.7927384524909339e-06
3.88479427277049e-06
3.576107902239137e-06
0.0
2.5763930670149857e-06
0.0
0.013191894759298538
5.469447994927343e-06
5.230062815991735e-06
4.956666680741855e-06
2.793812980416823e-06
4.016622327102568e-06
0.0
3.8339140428083267e-07
1.2942263708989486e-06
4.235847246645207e-06
4.040918544229046e-06
0.0
2.9558930424974743e-07
2.761166925509556e-06
0.0
1.5492419082430638e-06
5.25258935246215e-06
0.0
5.041280331678474e-06
0.0
3.4736580515751488e-06
8.727498875601225e-07
4.451410457753512e-06
0.0
7.804520341957853e-07
2.4359075553699957e-06
3.0027539158962495e-06
0.0
4.8339559829605536e-06
0.0
2.2103017425054828e-07
0.013191894759298538
3.7117490633894282e-06
1.4024340201164995e-06
4.994492548412367e-06
5.06747219033304e-06
5.1341840361073614e-06
1.3575695347156812e-06
2.281105668382824e-06
5.562076940228131e-06
0.0
1.1237708786034392e-06
4.95055161800545e-07
1.8564019199821552e-06
0.0
2.8188464281318876e-06
2.5181456755031493e-06
7.001871399197833e-07
5.496690203960824e-06
1.6303353289578248e-06
0.0
4.455856291285444e-06
1.177187818605073e-06
6.295762513865099e-07
0.0
5.316002560093557e-06
5.120869329084752e-06
1.9182379048604208e-07
4.560401720298179e-06
5.17951739456507e-06
1.7267452213104953e-06
4.544536334668353e-06
4.071913433729555e-06
4.785490525832385e-06
3.1392031702309416e-06
4.865563904234119e-06
3.7395519517918848e-06
1.1341492385537257e-06
4.630211973999012e-06
6.99036410654154e-07
3.058023582495902e-06
3.007911189108315e-07
2.3256284586256206e-07
2.578213324895141e-06
3.656592492677015e-07
5.309338932180799e-06
2.9015633527577162e-06
0.0
8.887736946126835e-07
2.9539436456536566e-06
3.8047701622473086e-06
0.0
3.166398284474834e-07
0.0
1.753541744502238e-06
1.6534016075106411e-06
1.0603560873028596e-08
5.5498443125929e-06
2.1280235472083487e-06
4.7639394424364845e-06
1.9791612490036676e-07
4.988905969140484e-06
0.0
8.858153150542165e-07
4.579102921220764e-06
4.683380727234893e-06
1.9171327385654697e-06
5.949979818321451e-07
5.218946359981142e-06
1.889109572532807e-06
3.5507793163268275e-06
2.5700756257252027e-06
7.894732847677374e-07
3.7185279127312568e-06
3.2878845688792916e-06
5.308826476592571e-06
4.1023290760408165e-06
0.0
4.634129101364272e-06
3.6852262077916304e-06
5.3548207806206e-06
4.051677745285946e-06
5.683053421581987e-06
4.909423459707346e-06
0.0
1.7170515870282855e-06
5.438735437707514e-06
5.645391662514006e-06
3.5722243439985428e-06
2.5932751448100704e-06
5.434234393549034e-06
2.300442173212802e-06
5.599171731199458e-06
0.0
3.145863134209571e-06
0.0
0.0
4.13800336192699e-06
0.0
4.554164122714158e-06
3.1205927602240256e-06
1.7127683765472167e-06
2.7105652997330955e-06
1.6545645070662565e-06
0.0
2.055628484486219e-06
1.3076743904841338e-06
0.0
3.2434073679305774e-06
1.1178971475703793e-06
2.6868402903642658e-06
2.5430747261366716e-06
1.0940022473050655e-07
3.15017595112155e-06
3.8759722379943614e-06
4.595456822843173e-06
0.0
2.297891476837975e-06
0.0
5.995158136760774e-07
3.6836989796693426e-06
5.082899152318422e-06
5.770430273495809e-07
5.613451509728625e-06
3.3795486304415384e-06
3.3104653802536886e-06
0.0
2.7614968288595014e-06
5.095760738868383e-06
3.8820979628659345e-07
4.711945294738746e-06
1.0417315328368245e-06
5.1517170532867224e-06
2.523986329333993e-06
3.418424546833824e-06
5.599368966852362e-06
9.905032152736554e-07
6.119208042760902e-07
8.919327685885274e-08
2.346688467913109e-06
5.535117888347376e-06
4.107779927931649e-06
2.365132531068038e-06
4.5926721869736015e-06
0.0
0.0
1.7768649501151831e-06
3.3229653352636914e-06
4.5151825793576664e-06
5.52117387317779e-06
3.6665933001116296e-06
3.7980268257196245e-06
3.6071950781590555e-06
8.162937832155841e-07
4.703511472809458e-06
1.414392556415781e-07
3.484426723762261e-08
3.0653703516857505e-07
1.3437867378725924e-06
3.5830331877849044e-06
2.2372708973383553e-06
4.7949023325169375e-06
0.0
4.606299588845298e-06
0.0
3.999782929573455e-06
0.0
4.708638869999397e-06
6.890220230960815e-07
3.914705136557823e-06
4.6957273990226045e-06
4.9061149124989535e-06
5.603167275044096e-06
3.3509073469673588e-06
5.980850404836519e-07
3.311111518783336e-06
5.585471525461145e-07
0.0
2.301664840403337e-06
0.0
4.190531257651402e-06
1.8723742834454617e-06
3.0026602000007154e-06
1.9920086077682675e-06
3.932179918764415e-06
5.055572676734001e-06
0.0
3.3360381342936028e-06
5.4576662653512554e-06
