0.0
0.0006537609832237033
0.00041905099320506455
0.0009543916500061119
1.7481115252865957e-05
0.0010245028935046078
0.0007304167463577519
0.0
0.0008331059392352759
0.0
0.0008500267774634687
0.0006773606587524312
0.0001529382628439471
0.0
0.000456473929095464
0.0
0.0
0.0
5.542863782431812e-06
0.0
0.00010935035717525579
0.0
0.0006108788275477374
0.0
2.750593953699125e-05
0.0008226245824865249
0.00022996433077485272
0.0004888779568791564
0.00022174233815463958
0.0007701245112019953
0.0005702123190667476
0.0
0.0
0.0
0.0005048989488961212
0.00018564869867842247
1.7023534403736126e-06
0.0004828213562291015
0.0002214671346884131
5.8071977921925974e-05
0.00029124789371504843
0.0006979092814594762
0.1297602761734423
3.063936744816244e-05
0.0008364913680185626
0.1297602761734423
0.0008890909732538283
0.0009200372422854496
0.0003097966465153189
0.0006658708315460584
0.0005904868130543161
0.0002461129113880551
0.0
0.0006806085370576726
0.0009841894219504749
0.0001540756439165298
0.0002675050292869483
0.0009556103871745206
0.00031179563703790064
0.0
0.0002840406415889265
0.0
0.0003091974854935404
0.00013188771191480702
0.0
0.0009535604442862983
5.825523160675648e-05
0.0001755293592059793
0.0
0.0005827435744856664
0.0008642730894595043
0.0
0.0004907292470521208
0.0
0.00032950820016204975
0.0
3.875598062856139e-05
0.0007746320861595071
0.0005553767367896381
0.0006971512358871096
0.0
0.0008537484668516659
0.001018111245350079
0.1297602761734423
0.0
0.0003404348960735354
0.0006466072920061007
0.00013289947738432065
0.0004053777861419899
0.00040147870818645607
0.00014151974516199862
0.0004332110261786357
0.0007044605642356549
0.0009645353854005904
0.0
0.0006368619417953592
0.00032397895711449746
0.000930331353664234
0.0006747390307001855
0.0009322807189517299
0.0
0.0002813178965660147
0.0007530725402375848
0.0
0.0005251004043783685
0.0002964498330620507
0.0008649875942096939
0.0002102472297538014
0.00010560445757993506
0.00022759780186399286
0.0003685900629580932
0.00016987930530190675
0.0
0.00014140192396695455
0.0005242602093892284
0.000728755009562396
3.507384228926385e-05
0.0
0.00028225351894497466
0.00017426663291224173
0.0008307380244118587
0.00021581095411606508
0.0005415783913629854
0.0008086605323055543
0.0008984721615548733
0.0008950292871660184
0.00033968735483892737
0.0
0.0
0.0
0.00019640379372626483
6.822772256973503e-05
0.00034038840778974377
0.0004528999423774321
0.0
0.0
0.00036566395710070095
0.0
0.0006916572679231454
0.0008042991163704518
0.0008048577601926447
0.00025466277320662737
4.3430811365810105e-05
0.0009300402204778477
0.000898959849469279
0.0
0.0
0.0
0.0009922261401289108
4.4586993006126026e-05
0.0007113223834275034
0.0
0.0001381649424837638
0.0005134114304238685
0.0009172241222711984
0.00043177242814079005
0.0006221339140319612
0.00029247816077032494
0.0008482731391169312
0.0007234567547424867
0.0
0.00045608890155399606
0.0008798046655005696
0.0002261714300831851
0.0004967553811467407
5.0042211186358355e-06
0.0010058204736615747
0.00038588284244236634
0.00044472916108614056
2.841544290674498e-05
0.0
0.1297602761734423
0.1297602761734423
0.1297602761734423
0.0009274204345780843
0.0004322798926804965
0.0
0.00019409426313526885
0.0007605127226533772
0.0007201104616378732
0.0004224472143688524
0.0005891686790433896
0.0
0.0006982272845855241
0.0005378889015198458
0.00030966503117994744
0.0
0.0
0.0
0.0006403071648083834
0.00013407717446671242
0.0002891026148873011
0.0005875343617450934
0.0006199956059552439
0.0
0.0007687872834819651
0.00072303179585318
0.00021113221089422303
0.0
0.0
0.000191041524780189
0.0
0.0005846947831675077
0.0005292261976417668
0.0007925692253102469
0.0006161883748728389
0.00021598883112990364
0.0
0.0
0.0004734607570134545
0.0
0.0009031632515570993
0.0007583515319867318
0.00094803412618756
0.00011569875184540186
0.0009388007121470775
0.0006168812957520869
0.0
0.0
0.00034282274164051225
0.0001829261477028097
2.1797912832893683e-05
0.0006025289931525203
0.0004988476920426938
0.0
0.0004946444126643854
0.0
0.0
0.0
0.0
0.0
0.0007154160445927402
0.0006574267779899116
0.0007891555405528547
0.0007433168523263992
0.000699518460286166
0.0
0.00013317682292884062
0.0008056061596002621
0.0
0.0
0.0
0.0002758977425950352
0.0003202935851849369
0.0
0.0007065113630507452
0.0
1.7141718372520115e-05
0.0008943215996297644
0.1297602761734423
3.205088968777322e-05
0.0006714447368736936
0.0
0.0
0.0009710182995322422
0.0009196402620243559
