0.0
2.724299271596114e-06
0.0
0.00039961714248488365
0.0
0.0003574775373353067
0.0006692854286112016
0.0001239862068586747
0.00035855943563301175
0.0007585859059851487
0.0
0.0006700927405531555
8.171101102094545e-05
0.0001971585386150527
0.0
0.0004012312306393264
2.019425505687943e-05
0.0
0.00035984909354176757
0.0004113284455481291
0.0005952690618206884
0.0001693877258613854
5.758923191196006e-06
0.0005232302561649435
0.0
0.0006851995458776995
0.0005370514902265598
6.210367270082327e-05
0.0005225511059862552
0.0
0.0005676138922356571
1.4561863427061895e-05
0.0
0.00042921169711578614
0.0006298468268154349
0.0005969198487476934
0.000374240535008646
0.0
0.0007778109782511921
0.0
0.0003114191244633499
0.0006507441682050951
0.0006253497729125301
0.0
0.00018985615787691702
0.0006796383491650957
0.0004775405325875185
8.509280680728452e-06
0.00017353532764320982
0.0002754668861221344
0.0003980299313852078
0.00036958649361987976
0.0
0.0005583607799202772
0.00043421169279238503
0.0006572890689410287
9.479029116974018e-05
0.0
0.0002723241922003123
0.0006654475673463431
0.0006973059283038408
0.0001391028612783101
0.0007232705345913195
3.122059380083548e-05
0.0003643072203546615
0.0
0.00033577660820819705
5.4300034763125685e-05
0.0007250843712856304
0.00037036131807358525
0.00023331970215629088
0.0
0.0006289007277129686
0.0006573166756775003
0.10328465703277497
0.0
0.0006542717608772612
0.0007372047978918045
0.0
0.0
0.0
0.00051959285755059
0.0
8.695712623517486e-05
0.000634816940189894
0.0007635863041814333
0.0005539554997851089
0.10328465703277497
0.10328465703277497
3.499226475395674e-05
0.10328465703277497
0.00016873420691889914
0.00019077984986484348
0.0007547341658817424
0.0003701563011759544
5.414664133251383e-05
0.0
0.0006102893099252414
0.0006928389123927599
0.0001684542961575406
0.0
0.0
0.00023201330012598674
0.00025792324743915816
0.00024329033329491612
0.0005307762774449723
2.3223567770386486e-05
0.00013351599933535818
0.00037363870696952256
1.9910175175154036e-05
0.0001256483891476834
0.0006239417676216293
0.00030961879903877715
0.00042768460568655143
0.0
0.0003319719228165846
0.0
0.0004534524734005571
0.0003170564361710469
0.00033931205737120634
0.0003369278099682142
0.00032075145324219327
0.0002812144609461195
0.0
0.0002800492134205065
0.0004151735799452966
0.0005304335716145281
0.00032243065427510763
6.331287141740553e-05
0.0003520268704653993
0.0
0.00023603110268770205
0.0
0.0004237726411940039
0.00023790817925305378
9.58475476022064e-05
0.00024825489820051884
0.0003305491578187496
0.0006965159486903825
9.827076914605843e-05
2.047417769875222e-05
0.0
0.000549811584990511
0.00024662384664542
0.0006905902478498492
0.000409574172904659
0.0004768013884713974
0.0005473792587335849
0.0
6.344886501286852e-05
0.00013670043716979384
0.0005777244127034716
0.00041103862846326793
0.0006296250319557717
0.0
0.00044096637841893474
0.0005989838997450017
0.10328465703277497
0.0007406946108606951
0.0007101917516307784
0.00032941506756773326
0.0007540380945535558
0.0004107853544373938
0.0
0.0
0.10328465703277497
0.0002031514783006378
0.0
0.10328465703277497
0.0005651145357436273
0.10328465703277497
0.0
0.00030151469824129325
0.00045148472917993875
0.0006620210150081749
0.00031812689803308606
0.0007285674489831399
0.00018330868529751505
0.0
0.0002732769646942205
0.0
0.0004334474360835958
3.7841829021533414e-05
9.912140319775035e-05
0.00024303955435394045
0.0008042382880198188
4.202653773553229e-05
0.00048360144599741685
0.00028531217885145976
0.0
0.0006436754080339048
0.0
1.718120868111389e-05
0.00023883478156076833
0.0006941522657162403
5.814165419258759e-05
0.0006080716689432714
0.0004782873166158183
0.00030423397897613475
0.0
0.00012781413574846848
0.0008437994849461313
0.00013575914094640252
0.0003921822189166384
1.665407715713392e-05
0.0
0.0
0.0
0.0004215548258031887
6.473486576034332e-05
0.00020891327275488823
0.00033922684846708027
0.0
0.0003774720994773187
0.00018904368109244382
0.0
0.0005049704934885465
0.0
0.00043585144674310286
0.0
7.523890684020335e-05
0.0005047126364692102
0.0005370747598128011
0.000203977761155979
0.0
0.00037682730972289446
0.0
0.0
0.0
0.0
0.0
0.000272971555212569
0.0
0.0007428294279700878
0.0
0.0006084420051239155
2.8292632336851923e-05
8.45663138073663e-05
0.0005725129278519789
0.00039028349487727615
0.0003001799742137631
0.00036984733082056286
0.0
6.856173058307247e-05
9.832578102914445e-05
0.0005033705071987282
0.10328465703277497
0.0
0.00015670703921443635
0.0
0.0007395476475807474
0.0002621137967906604
0.00029242602239881266
0.0005665318966413326
0.0006092431251601019
0.0
