5.480907774527317e-06
3.6351537154721767e-06
7.189806277930156e-06
6.037522881087158e-06
7.2294608337036655e-06
1.891049463221636e-06
6.129960121817552e-06
4.28090092594626e-06
3.640946367518379e-06
9.257037325492631e-06
7.583749506358379e-06
8.143618378362054e-06
0.0
4.752824267422446e-07
8.436524471938012e-06
5.616807174618823e-06
7.551576310351336e-06
0.0
8.587929451577322e-06
2.360138900805678e-06
7.713202319504429e-06
1.4657534904645848e-07
3.15630683400364e-06
3.5918533497817275e-06
6.6806624721967425e-06
3.7954659535363467e-06
8.253335068202697e-06
6.230661527795847e-06
7.352450828273417e-06
5.544853844784182e-06
3.5361594628666018e-06
5.819078027615143e-07
1.0331753961183174e-05
1.0826165763678494e-05
7.660428325545101e-06
8.940187568087316e-07
8.076072732066035e-06
6.175926650195731e-07
7.844389039213202e-07
8.873564794201491e-07
1.2331166926474666e-06
1.426428405210675e-06
3.38575848395433e-06
9.323520063013633e-06
8.099696590338244e-06
1.0103000245679131e-05
6.724864556726472e-06
5.088441704908839e-06
0.0
2.2291572715788665e-07
1.0043976728889682e-06
4.7619432961325035e-06
7.785928737530752e-06
6.2807540568403535e-06
8.66376225916569e-06
4.00598261238229e-06
5.770288394494009e-06
3.662344365105743e-06
7.001534321298895e-07
8.679645460267048e-08
0.0
7.922751999038076e-07
5.1950959850806746e-06
6.6685935050534084e-06
1.0080588599005412e-06
6.0230852075516745e-06
7.704531510791018e-06
0.0
7.670364664534007e-06
6.438760577989506e-06
6.1130113873766955e-06
8.447740498441572e-06
4.101588021271268e-06
2.442188386955813e-07
5.480892021203545e-07
9.16231010503036e-06
0.0
6.049013186119771e-06
4.408018524688925e-06
0.0
5.280530142649586e-06
3.043382557650788e-06
5.218952797215519e-06
3.065947758367778e-06
9.502607532852412e-07
5.09138009120555e-06
5.832963256732612e-06
5.409621110002509e-06
9.340292819586428e-06
7.653881111247521e-06
6.043140035445263e-06
8.499066997231049e-06
4.1344677785703963e-07
1.7697990756772125e-06
5.975811019986806e-07
8.845446388116938e-06
7.465274303497665e-06
0.0
1.89618093001192e-06
8.002971694210284e-06
2.3888729925558797e-06
1.4241387497873018e-06
2.9953492859478933e-06
7.5298360881194985e-06
5.673140995478567e-06
8.786579324079916e-06
9.396067196780881e-06
4.7525845377090066e-06
6.722377826865189e-06
6.141879323989329e-06
1.1067162596557638e-05
7.229184074984508e-06
8.675560306374735e-06
4.845415924794664e-06
8.24560854078413e-06
4.241200653106681e-07
7.089523852525738e-07
1.074979451074772e-05
4.918571554392454e-06
0.0
1.5494722953920665e-06
9.82013527015984e-06
9.701917116977533e-06
1.100248946080397e-05
2.9854372670063032e-06
7.177334534189126e-06
3.988889520632755e-06
2.400942605931032e-06
4.703526873203847e-06
2.0237885033933883e-06
3.1131412314430267e-06
9.366200994940494e-06
0.0
2.0185567755299983e-06
0.0
4.449160293109e-06
6.4930222678242155e-06
1.0705259941786874e-05
5.1398133055167255e-06
5.892592164745099e-06
6.3082401113117695e-06
2.8728142177221325e-06
3.425080630165934e-06
3.953767830649728e-06
1.1061764465861212e-05
4.9046926228080766e-06
2.504002641926346e-06
8.542780221458634e-07
5.635009139510214e-06
2.343502840837655e-06
3.5236884851762784e-06
7.668021871850827e-06
1.1038956480006844e-05
0.0
6.344495337635474e-07
0.0
3.781702106416824e-06
1.8921626906500735e-06
2.2539786676197276e-06
1.0378364228560045e-05
8.109097851268112e-06
7.54660196167131e-06
9.127543208165253e-06
8.370057149716513e-06
4.879429414934048e-06
1.0432343131124892e-05
6.6829415590818705e-06
6.092362202697094e-06
8.656355633498148e-06
9.102761732148558e-06
4.751364094376383e-06
1.2991132740377165e-06
7.937469758261958e-06
0.0
2.185196118004287e-06
3.4365662841130615e-06
4.675468360960813e-06
6.183676108273259e-06
3.4965112893119496e-06
6.972726282563778e-06
1.4287406576037869e-06
0.0
1.0152765268031804e-05
8.000285450617328e-06
1.0657918347556288e-05
5.166368773375739e-06
8.157295925738819e-06
1.6417481844819674e-06
1.1072494308489308e-05
3.2154384785028455e-06
0.0
4.605101722060173e-06
0.0
2.4856575449060376e-06
3.851261989329584e-06
1.1210846920439689e-05
6.09212302157013e-06
2.912557061952434e-07
6.488018600291397e-06
4.456705286812429e-06
2.6391127339289815e-06
0.0
9.65422445333869e-06
2.885306385347225e-06
1.3289615015314786e-06
6.840069466801183e-06
6.278843704580862e-06
4.429061232063467e-06
7.096945730708633e-06
1.2801743477711922e-06
6.905896885424341e-06
3.185846398386038e-06
9.974499250273067e-06
8.461794397758816e-06
1.1003133348899464e-05
8.748119136921042e-06
6.389232656605382e-06
2.2842529527909775e-07
2.192654179309484e-06
5.635191842786973e-06
2.672358468704671e-06
7.795473768253702e-06
1.551057236579802e-07
1.0027078247014752e-05
8.157481612214946e-06
7.741544714518802e-06
8.381957685976586e-06
0.0
7.728696199893567e-07
9.84320254150879e-06
8.99217344670765e-06
6.103808649479255e-06
5.639671957024275e-06
9.310867641551119e-06
1.036631953432505e-05
1.383318754374735e-06
3.7761727083289546e-06
7.181719724079704e-06
7.582226854629295e-06
6.6437231756038865e-06
0.0
4.1433058403003865e-06
1.5537096660508967e-06
9.568701689369165e-06
1.0911459178307727e-05
1.0010102692048972e-05
5.436240449477159e-06
5.021569365194105e-08
7.005315742299793e-06
7.645533322397621e-06
7.871487112995617e-06
9.80556388126532e-06
4.855467055526963e-06
1.236909911192296e-06
9.848495701880147e-06
9.823864466687486e-06
