8.421436412728793e-08
1.0338269151415245e-06
1.7563447173739307e-06
3.253494712927663e-07
8.88514049219558e-07
1.0209161469662422e-06
1.421441321173266e-06
3.6661922119739654e-07
2.0476014079715292e-06
1.4843724020296705e-06
1.5325560293557295e-06
2.1378469152890764e-06
3.6706954872789742e-06
2.5903646531111746e-06
0.0
7.645800626039737e-07
2.741392073492499e-06
0.0
2.1729291444862577e-06
2.6595077284415614e-06
5.73138553275358e-07
2.6818118274940562e-06
0.0
1.4397094756689035e-06
1.3130522062190248e-06
0.0
3.4187668064504626e-06
1.9717495423645313e-06
3.4834139261579063e-06
2.31728148989184e-06
0.0
5.16785870047575e-08
3.4419245821323833e-06
2.333254588176976e-06
4.1470822501008065e-07
1.1759198534304193e-06
0.0
0.0
1.138298742881255e-06
6.587308852132678e-07
1.5118520300167312e-06
0.0
1.1408152779992164e-06
1.060362927543927e-06
2.97255514835009e-06
2.062229542652375e-06
3.088995674496376e-07
2.94469658196302e-06
1.0421278262638032e-06
6.542604615301418e-07
3.3675747114227225e-07
2.7814217761609197e-06
0.0
1.8560747282030794e-07
1.173175427605626e-06
1.0623569622963566e-06
2.353489478106417e-06
1.1105222936742735e-06
2.2262038969924233e-06
2.7265643174158304e-06
7.776807404155535e-07
3.4059953827062155e-06
6.25492775499998e-07
2.8353838889088104e-06
1.0052685436471792e-06
2.557344531206363e-06
3.647893246918344e-07
6.741190905418678e-07
3.8773340237386834e-06
3.2550064539041634e-06
3.217360596193988e-06
9.483860251365786e-07
2.957219852348982e-06
4.976879794657602e-07
3.5810529925784935e-06
2.305416979783446e-06
1.1986200804891105e-06
2.6977650529668454e-06
6.901394701872141e-07
6.232573128845585e-07
0.0
2.405497737503605e-06
3.905731417530307e-06
1.3906320306596572e-06
1.1424338358158703e-06
2.3202103852362478e-06
3.789135185179864e-06
2.8234042056172438e-06
2.1584486620285705e-06
4.112255254142133e-06
1.0779715318602147e-06
1.8227439423057961e-06
3.9474619595644124e-06
0.009635803594304089
1.2561318421402572e-06
3.428567618421017e-06
2.627308721777972e-06
3.4895891713041253e-06
1.265608970826863e-06
3.191546037299923e-06
3.9793635153456626e-06
2.5932767289573443e-06
0.0
2.7334041973311783e-06
3.6754306213925337e-06
3.2695135105500546e-06
1.4361897749023608e-06
3.3860595689356092e-06
2.770598238198153e-06
9.292913076690073e-07
2.020590760824429e-07
2.302240326746543e-07
3.3844094266512716e-06
2.547686022801174e-06
8.420790311906849e-07
1.1851767720205388e-06
0.0
2.286803898517889e-06
3.1015562893543078e-06
2.52552380273283e-06
0.0
1.7155694266897946e-06
0.0
5.285672941801161e-07
4.056411112102905e-06
2.9514844477035007e-06
1.3969954128554122e-06
0.0
0.0
1.4849756055398565e-06
3.5882769754954533e-06
6.044208984829403e-07
3.3268255814653773e-06
3.041481583942778e-06
2.6240649190453755e-06
2.837271416430355e-06
0.0
1.2593780767262152e-06
1.1881048395236972e-06
5.055677382994856e-07
3.0203064578323057e-06
6.983537396251364e-07
3.435016465067633e-06
2.700600302077453e-06
8.187032645014735e-07
0.0
7.530740842945414e-07
1.3774241141175887e-06
2.23385088966809e-06
3.936102084000334e-06
0.0
2.4375550768857284e-07
3.799304443948836e-06
7.014605011874647e-07
3.726216421621914e-06
1.8332877696940741e-06
3.715648486889032e-06
1.2700950338564301e-06
3.731431476875649e-08
6.822926827012362e-07
1.7159560540415652e-07
1.840856961114843e-06
3.93544102377914e-06
1.0924993700992762e-06
0.0
3.7432634591803826e-07
0.0
0.009635803594304089
0.0
3.440263859584578e-06
3.689284860558897e-06
8.790199342886275e-07
1.4018503502208477e-08
2.1117525964133888e-06
1.370769608975999e-06
1.7241882972211914e-06
9.879005551531352e-07
4.164801782216807e-06
4.2611165553266256e-07
3.1208091536349434e-06
3.5004060118745567e-06
7.648909729039737e-07
2.547791339480179e-06
0.0
1.7610946453561908e-06
3.9245199430003146e-06
1.834572724941141e-06
5.389434367164991e-07
0.0
2.641978378392707e-06
2.1724265268398883e-06
2.7781604367141872e-06
0.0
3.975513857137728e-06
3.784449847949091e-07
1.0204664824636571e-06
1.3482497489037938e-06
3.104888703719707e-06
1.3436596412003863e-07
1.4326621842344855e-06
0.0
3.3551840629531027e-06
1.4937633828567716e-06
2.876722909499759e-06
8.697365342439218e-07
1.4069102539400148e-06
0.0
1.6198900327077394e-06
0.0
1.7592767561407326e-06
0.0
0.0
2.8038965382173117e-06
4.942321906335133e-07
3.737002850670135e-06
3.703030130749442e-06
1.7429269392504933e-06
2.530948751732858e-06
1.3461492516901353e-06
6.064446230252374e-07
0.0
1.378983497443053e-06
2.2564575051267223e-06
9.458372003643947e-07
9.613596951938024e-07
0.0
4.001153665319545e-06
0.009635803594304089
6.533526909256896e-07
3.301095463578278e-06
2.785023012184713e-06
3.456161603523795e-06
3.7504924369266405e-06
1.5524803629782138e-07
1.7961346837898904e-06
0.0
6.616287833082246e-07
2.8354391023665698e-06
3.1396499027481198e-06
2.1577167135723925e-07
1.2287434095745206e-06
3.535412145918545e-06
3.990566949623242e-06
2.3931134977330796e-06
1.64654203307285e-06
2.237387410832796e-06
6.30913738803801e-07
2.6886521936903123e-06
3.0535856574113673e-06
4.11300033565907e-06
1.7086454813716136e-06
2.003023686472024e-06
3.998207801511606e-06
2.698325713743895e-06
3.025632503998574e-06
2.0988683898065506e-06
3.909719398727819e-06
3.7857186701259023e-06
1.9389924450363195e-06
3.5443503776441006e-06
7.765841975912045e-07
2.6335251832313453e-06
7.549128832291015e-07
2.2280617786436793e-06
1.6822708963971715e-06
0.0
1.3696712004051582e-06
0.0
0.0
1.6599275565358776e-07
2.748030051565651e-06
2.671803845817011e-06
1.2399178241620417e-06
1.0985021598517135e-06
3.1796655460928547e-06
9.442149057427573e-07
2.7149654079295024e-06
1.9602577757631813e-06
0.0
3.3065260912666073e-06
5.724858958991838e-07
3.6354012879393397e-06
3.551786364057768e-06
4.275921777988318e-08
0.0
3.5007778870488737e-06
0.0
3.8025196612363104e-06
0.009635803594304089
2.236852910807887e-06
6.415128557694321e-07
1.4983206825662413e-06
6.990638051408879e-08
5.077254585938934e-07
3.722487181634466e-06
2.8799000298131005e-06
0.0
8.149371216829113e-07
0.0
1.702466968821821e-08
1.5207829424976033e-06
3.842996462945119e-06
2.2590495516881738e-07
3.5289579518556206e-06
2.5717333933842038e-06
3.5214885206112744e-06
9.638682871768923e-07
3.421806251930955e-06
1.5304366192381952e-07
1.1330557884685845e-07
1.4404494115308019e-06
0.0
0.0
2.2666052536006958e-06
0.0
1.2109742405623417e-07
8.765762139879364e-07
7.868234596079555e-07
1.7845986119911703e-07
0.0
0.0
2.7507395560127158e-06
0.009635803594304089
0.0
1.309953781692346e-06
2.337415392438878e-08
5.957680251087129e-07
2.545715574104587e-06
0.009635803594304089
3.623995016111596e-06
2.643184418366453e-06
4.055189306258175e-06
7.314372748683824e-07
3.90018122161764e-06
1.8729239428282033e-06
2.7021860695711678e-06
2.8339101847085216e-06
1.5338592055459434e-06
1.8942833769101687e-06
2.957559957829157e-06
2.9651061465498195e-06
3.2534172194898107e-06
1.8678004588012382e-06
9.393557911379319e-07
0.0
5.503909102238379e-07
1.521000247705575e-06
4.014364602347377e-06
0.009635803594304089
0.0
5.582445912359036e-07
6.785495320069564e-07
1.8870597453967785e-06
2.424256306626636e-06
0.0
3.2222178020603856e-06
3.673072685950835e-06
3.5019206166670576e-06
1.5421432151876552e-07
3.7833938621752766e-06
2.9159104211488575e-06
3.7048770297070988e-06
8.325048067471675e-07
1.2267362527264541e-08
1.2938887109892535e-06
2.1632460217813047e-06
0.0
0.0
3.5363039018304057e-06
0.0
0.0
1.2561552329853827e-07
2.863126857572903e-06
0.0
1.4801206148460214e-06
9.674683418060136e-07
0.009635803594304089
4.061560221939986e-06
2.9311011321317235e-07
3.1861949678911495e-06
1.4328115405342946e-06
0.0
1.2865903441328315e-06
3.5923017425683e-06
0.0
1.2347109752987848e-06
2.2501537711791917e-06
1.995817244576707e-06
2.7348081221017846e-06
1.1164558315373408e-06
2.9890065941823485e-06
0.0
3.625414994234849e-06
3.7268167237306475e-06
9.160862018325109e-07
2.414912834826053e-06
6.196980183618888e-07
1.2263084973208938e-06
0.0
1.953164552832613e-06
3.2175260578781738e-06
3.4943156650579753e-06
3.827431010951708e-07
2.5709765400138313e-06
8.718323003014468e-07
2.712038170579495e-06
2.4949647599587265e-06
5.526554604408089e-07
0.0
1.8932447761930457e-06
0.0
8.840287080726226e-07
2.560681844922575e-06
3.349838759279984e-06
6.690516591742678e-07
2.8912160351454667e-06
0.0
1.036751917176109e-06
0.0
3.962480968621421e-06
1.7209403915080296e-06
0.0
0.0
2.6549334988515607e-06
0.009635803594304089
1.622336565548106e-06
2.5575013791056886e-06
5.294773483345886e-07
3.325385674951558e-06
2.5640325050980945e-06
6.171773661025899e-07
2.443041077915146e-06
3.2614208839326564e-06
2.7008953151107317e-06
6.18308354246938e-07
1.206689551179672e-06
1.5999273046868625e-06
5.999808099370644e-07
2.9607572181879317e-06
0.0
0.0
0.0
4.315162801503142e-07
2.7825686776118467e-06
0.0
0.0
3.755389576529455e-06
2.8208621444761535e-06
2.742435117346804e-06
2.491347517826156e-06
1.2086385590536635e-06
3.83594685216597e-06
0.0
0.0
3.978442596762692e-06
3.175290254857767e-06
8.257053698255064e-07
2.630422667477093e-06
6.740048542618981e-07
3.2102432825434037e-06
2.091247650945835e-06
0.0
3.750042979844931e-06
4.105679808563638e-06
4.168794859721922e-06
0.0
6.467848515349748e-07
0.009635803594304089
2.4498791111292655e-06
0.0
3.3748770681383217e-06
1.8774895684660524e-06
1.2749562729799295e-06
0.0
0.0
2.8762365694617556e-07
6.624563203076152e-08
0.0
0.0
0.0
0.0
1.686376028468069e-06
2.832813555432637e-06
3.7488490412756753e-06
0.0
2.6582766340130534e-06
8.587759611025719e-07
2.8833763958301577e-06
0.0
3.563044503463966e-06
0.009635803594304089
2.977911103704566e-06
3.883766219853503e-06
0.0
1.9112776742253073e-06
2.170625001448359e-06
9.709229083457655e-08
0.0
3.1732745941331423e-06
0.0
0.0
1.1708369976116354e-06
0.0
2.4964423587752805e-07
2.633021138340713e-06
4.350142952866706e-07
1.5462794420905649e-06
1.380662693499665e-06
0.0
3.1052665055168377e-07
0.0
2.4310521288741435e-07
2.6037174926680054e-06
2.2098797241496834e-06
2.8536062934575117e-06
2.3055374437533098e-06
1.427245747880277e-06
3.743314706683187e-06
2.999868146755751e-06
2.708831684652366e-06
2.7554184063226734e-06
2.0088391053317875e-06
1.8207235119489177e-06
1.721334613047266e-06
4.051000663076789e-06
7.540285246082582e-07
3.0833929389313064e-06
0.009635803594304089
4.133661152344086e-06
1.425049205173219e-06
0.0
3.270659676057777e-06
1.4791607920195572e-06
4.841828863298273e-07
4.0890964489285296e-06
3.7538285707277885e-06
2.5317014954311396e-06
0.0
0.0
1.9159129755877976e-06
1.9088612607215545e-06
2.098984070382287e-06
4.094045486476957e-06
1.7207908323328699e-06
3.829071245483754e-06
2.528182995970687e-06
0.0
5.143405228215488e-07
1.7700659833543212e-06
3.7372363314414376e-07
1.0518990330874738e-06
1.4213829082296045e-06
0.0
3.2326253362137964e-06
3.227281084069356e-07
3.1783039636800055e-06
3.310588001654453e-06
1.3267149741940928e-06
1.7329478662869432e-06
1.2228606398392396e-07
0.0
3.5791351613467784e-06
4.738472121355314e-07
3.192763007208693e-06
3.675454956310982e-06
0.0
7.987570044296432e-07
1.5044491650806503e-06
1.9356820267575873e-06
2.762799496220776e-06
0.0
2.756430739139153e-06
1.3713055191562377e-06
7.923916981198428e-07
2.0685171018280178e-06
4.098322269641585e-06
3.9316863702856417e-07
0.0
0.0
3.6189785444321643e-06
0.0
9.255576722919402e-07
2.711362577517249e-06
0.0
3.949566968541392e-07
1.1560453318160045e-06
2.7750824198363025e-06
0.0
1.0937813278181357e-06
4.7614306548346293e-07
0.0
3.49881940850318e-06
2.656289375102993e-06
2.256261052222241e-07
4.789135467806865e-07
2.7606243074486908e-06
2.6396884052738365e-06
2.7864894663536744e-06
3.2172150397773703e-06
3.444838256988569e-06
3.8663834028661205e-06
1.8062984285745568e-08
0.0
2.7695375527246144e-06
3.91370959343583e-06
4.074136038264738e-06
1.2764023365005734e-06
3.992956461304407e-06
2.28040848751721e-06
2.5461159482264537e-06
0.009635803594304089
0.0
1.4180776008864897e-06
3.561198438691006e-06
0.0
6.586700153210294e-09
2.956657204159867e-06
4.4810335301735103e-07
2.4875774398021407e-06
2.4285602596644942e-06
8.636841597385325e-07
3.648162459132535e-06
2.906263268901999e-06
1.1353699753225931e-06
4.851745278606296e-07
5.992992205126745e-07
3.0795210229915157e-06
2.9589787785695334e-06
3.0787323935046478e-06
3.3956414287271615e-07
8.194051680435465e-07
4.80033549405799e-07
0.009635803594304089
0.0
2.6164030417843724e-06
1.4745377819274811e-06
3.1937663812163497e-06
4.131186069706835e-06
4.129829613857271e-06
2.403423429810514e-06
3.650139994753439e-06
3.793035610135487e-06
2.333728545104828e-06
8.164322583141454e-07
3.4813989463753974e-06
2.143722575271882e-06
8.773780985965636e-07
4.0530798753207187e-07
3.576840358863364e-06
1.8995837212015571e-06
0.0
1.3361401784844908e-06
2.180372472173545e-06
3.905031083979267e-06
3.5099276175208187e-06
0.0
4.1217830848052904e-06
0.0
3.993254773355927e-06
2.70951272284856e-06
1.1412627189513361e-07
2.7162899620035096e-06
0.0
2.2388712260174047e-06
2.987210068676967e-06
0.0
2.7881884718141334e-06
3.867831008378861e-06
1.9981130544490445e-06
2.5237900271940813e-06
3.8062265378339714e-06
4.047448421420084e-06
0.009635803594304089
4.148581495451293e-06
0.0
6.597077070387223e-08
0.0
4.109504014913351e-06
1.0862106054055758e-06
2.9785494538384276e-06
1.7319662294363493e-06
0.009635803594304089
2.4414419533040667e-06
5.296386993722025e-07
9.757876530568042e-08
0.0
4.418063488730017e-08
1.5467016661991568e-06
2.3098401314796135e-07
3.322371027618595e-06
4.008885516837643e-06
0.009635803594304089
2.853166260132861e-06
1.471876675391713e-06
1.0309402068809857e-06
0.0
2.8005437059001328e-06
2.2575750021476e-06
6.353905923140712e-07
1.6040760644305647e-06
3.7917079772343936e-06
8.982874986957431e-08
2.6676372962446073e-06
1.9547485167799e-06
1.4370063798150826e-06
0.0
0.0
0.0
3.940271861459212e-06
4.103871686619092e-06
9.771729511455363e-07
0.0
2.5096866543131493e-06
0.0
2.79033545787104e-06
1.848807905164269e-06
1.7578197436031915e-07
0.0
2.1897739940589587e-06
1.2311420996624343e-06
5.658131861784559e-07
0.0
1.7264355919273185e-06
1.7043459558258106e-06
1.4254452609643157e-06
3.7910855866893455e-06
7.383906371683951e-07
2.630664025915174e-06
3.5391832534626253e-06
2.592069901371145e-06
3.6487510787660146e-06
6.607793657994611e-07
3.4359385133041385e-06
0.0
2.3993471374392643e-06
1.7664311688231014e-06
1.8409785517371536e-06
3.21365342392945e-07
1.0988560143549615e-06
0.0
3.0316713422915997e-06
2.6785869646995508e-06
1.125631715153548e-06
5.192336027954051e-07
0.0
0.0
1.6856179732928537e-06
0.0
2.4271302187709306e-06
3.887106937997366e-06
0.0
0.0
4.853180105247858e-07
9.239023327395409e-08
3.948953992663112e-06
3.6284168555125575e-06
3.6267872015634944e-06
8.7337653793102e-07
4.584030562937825e-08
1.84486927165226e-06
3.343384590318115e-06
3.291766125565518e-06
2.84878429364397e-06
0.0
2.074790258349535e-06
1.4891862723950763e-06
3.1908516964533226e-06
2.3199457859827094e-06
3.9228047302315135e-07
2.0473586398322044e-06
3.0997904915805978e-06
3.2045703639135644e-06
1.0346009635455737e-06
3.4718825691859232e-06
2.5708039064643972e-06
1.6801465623897268e-06
1.2444741502920484e-06
2.3564176497710515e-06
2.1067559853059163e-07
2.521794277252734e-06
2.8221683008162857e-06
1.1945783116039071e-06
3.206746489257811e-06
4.018311640141154e-07
1.6209558548709108e-06
4.108532393733353e-06
2.614348747712638e-06
0.0
9.64610299091203e-07
2.4839742825996756e-06
0.0
0.0
1.5875959936335434e-06
1.8088579791167106e-06
0.0
6.654864892531743e-07
3.7892818361331634e-06
3.832427413751568e-06
3.175046480610698e-06
1.7886967431045782e-07
2.3356426122631957e-06
2.2997177653013287e-06
2.8013927239454103e-06
4.041973060334074e-06
3.5442620072518754e-06
1.535276491178635e-06
1.5183559457532563e-06
0.0
1.990755615959757e-06
3.665464122857221e-06
2.5411693228212313e-06
3.5954949509659558e-06
3.815449483511964e-06
0.0
2.238377599581728e-06
3.318690874484371e-06
3.4879323400572155e-06
7.324846799620432e-07
0.0
1.4088523721012647e-06
2.4770119866874835e-06
2.910772648378064e-06
2.576224185186588e-06
3.326602150998795e-06
4.054047340890156e-06
0.0
1.3251234775545008e-06
3.4417563684479126e-06
3.357290463570479e-06
0.0
3.1556538050327985e-06
2.8583665486436844e-07
4.05882740734198e-06
1.8451780326567327e-06
7.650400271327859e-07
4.1978347900625866e-07
1.1747668023268582e-06
0.0
3.8595557525208435e-07
4.611027416176461e-07
0.0
2.7683508887713296e-06
8.268021693241593e-07
9.536069122886472e-07
1.5513511886215217e-06
3.3277774432202194e-06
0.0
3.5462447548297763e-06
3.5297017657616522e-06
0.0
3.4201882247335622e-06
0.0
0.0
4.219138820677149e-07
2.3480452543939523e-06
0.0
1.2693627037881766e-06
3.2332843190304504e-06
3.3081110931986737e-06
1.622304316711135e-06
8.427002432912291e-07
1.634460812854576e-06
9.11787130193353e-07
0.009635803594304089
5.459574990124704e-07
2.9324142613897292e-06
1.789960981818937e-06
3.854237073706879e-06
0.0
4.114888558423947e-06
2.558223474074899e-06
1.4353231077364415e-08
1.1909455643338352e-06
0.0
2.2413547757623646e-06
1.2093441669470636e-06
0.0
3.4414308247374944e-06
1.8901371753315026e-06
3.7861699944354017e-06
0.0
1.5290108330167339e-06
3.859255134118053e-06
1.6123106086451079e-06
2.891849735627739e-06
2.6809651448389476e-06
3.21845125149852e-06
3.691758848814496e-06
4.393804740288789e-07
1.1651516023272049e-06
6.537518676131222e-07
0.0
1.9518899962031863e-06
1.1682626843260995e-06
3.489796157488807e-06
3.2098749688617817e-06
8.577926660414959e-07
3.1900971562840623e-06
1.8054211130921074e-06
1.7253819252378123e-06
1.7138308986897015e-06
4.115979600749109e-06
9.299451969377803e-07
0.0
2.9562456084351827e-06
1.4673862269896724e-06
1.9394453932401366e-06
3.989222721962304e-06
8.53041892914738e-07
1.9946855794219732e-06
1.231610414882832e-07
0.0
0.0
7.567719542819761e-07
3.5513495006237575e-08
6.053194685805226e-08
3.635398960922756e-06
1.8516006098908504e-07
3.6905921934852413e-06
0.0
7.673374300545089e-07
1.5042460178679533e-06
1.6600525260174694e-06
3.6559568133549303e-06
2.199695940171477e-06
6.539122152250396e-08
3.5860590635943767e-07
0.0
0.0
1.8374757968737031e-06
7.644150968363516e-07
0.0
3.8122393087157526e-06
0.0
0.0
8.76875052714052e-07
0.0
0.0
3.6092382542615326e-06
4.0898142754802995e-06
3.7274757406484994e-06
8.365429540129902e-07
1.2027574192028254e-06
9.381394528023377e-07
0.0
2.6875756161941806e-06
0.0
0.0
7.556992733010354e-07
3.2582070039143467e-06
4.013377023071112e-06
3.203523633658226e-08
0.0
2.7874405438016654e-06
3.5966987122189824e-06
3.660206930394564e-06
2.5261060193757885e-06
2.008169024610284e-06
8.051011160193518e-07
1.1415221590011736e-06
3.2512950083259355e-06
1.2500879739685142e-06
3.899968172380905e-06
1.6404591977732078e-06
3.6814142148543425e-06
2.1307826334970012e-06
2.226000125628085e-06
2.0944379960778224e-06
1.0543501001253567e-06
2.022362063802649e-06
3.2416793061531176e-06
3.1042655784098855e-06
1.8132438478120257e-06
1.2116068208732858e-06
2.895393607376301e-06
1.9289926558224404e-06
1.1431499933489101e-06
3.0544388832207635e-06
3.976385960254202e-06
3.625663077682674e-06
3.8958181197161725e-06
2.319440911749582e-06
0.0
0.0
9.861757732641081e-07
0.009635803594304089
