5.1989810009626405e-06
1.0605478232307432e-05
1.0652289795451486e-05
8.861903402440997e-06
2.598573825619403e-06
1.016452719919159e-05
1.4488115682795412e-06
4.5246615487812955e-06
4.363403618583712e-06
6.079070455085634e-06
2.461830553553658e-06
5.652510959515356e-06
1.117316495385682e-05
3.842225774963419e-08
9.289202568953472e-06
6.3948487835669714e-06
1.1191572073604349e-06
5.907746821266397e-06
4.683810572796073e-06
1.0447009007134787e-05
3.334464379316069e-06
8.206158251653178e-06
8.307574712669716e-06
0.0
5.558340101062899e-06
1.0432844691592386e-05
5.591221468554678e-07
6.743360531376434e-06
2.983267028913714e-06
9.443062244788772e-06
6.517224747272452e-07
3.8935776256514564e-07
1.023991605920553e-05
8.836117490717533e-06
1.6931026888670254e-06
4.024620982794718e-06
7.920741577298686e-06
8.156570354381536e-06
0.0
4.589318767738146e-06
1.4501183982859157e-06
6.626382121811037e-06
9.286970965276023e-06
2.6103750754529313e-06
4.882406092955751e-06
9.843315455213882e-06
3.6065755500558804e-06
9.211470291471509e-06
5.989072947075819e-06
8.491217533845792e-06
6.670088294369119e-06
2.99088839535376e-06
2.102458817473994e-06
5.5465930474960685e-06
3.5674493738453975e-06
5.896588775040915e-06
8.615258550675278e-06
2.1328823354166694e-06
5.738750744843778e-06
2.677122103576382e-06
1.5895234255327182e-06
5.727430806087911e-06
6.9870054644014315e-06
0.0
4.006432475488552e-06
1.0556445707727745e-05
4.708625203476898e-06
0.0
2.0540300877171114e-06
1.6874108276443565e-06
3.5413750207718568e-06
5.97121706632205e-06
1.0536887890748165e-05
2.913538505782463e-08
9.956310558596066e-06
8.720033937410163e-06
6.3818419605848985e-06
9.734471997273033e-06
1.0488709945833936e-05
3.6887805368044846e-06
1.1073025646042262e-06
8.580913948057657e-06
1.0129026790612425e-06
3.336992881726261e-06
7.260649119274466e-06
4.158365465232157e-06
1.0230485621997723e-05
1.0731345473808645e-05
1.0156955137716395e-05
0.0
8.28783222126618e-06
9.02182307013086e-06
0.0
5.238982866526746e-06
3.9722719324747115e-06
0.0
5.714193974412815e-06
8.525431048850704e-06
4.985999763886833e-06
1.0868765785276076e-05
1.1127088202754246e-06
8.671844163981292e-06
7.2036100436792595e-06
6.6991181542517335e-06
5.7286628142591666e-06
0.0
4.01412890537039e-08
9.14735197583247e-06
0.0
7.35382015073306e-06
8.890142024138894e-06
3.9076214193598555e-06
1.3421709679777152e-06
1.0285791602807368e-05
1.013136643525932e-05
1.456361476765754e-06
4.126445467426363e-06
1.941720128532858e-06
5.191072263968273e-06
6.07565172059976e-06
7.084612609204196e-06
2.219283492811586e-06
5.303658078113404e-06
9.698471149426012e-07
1.060356460232617e-06
1.0546572573519666e-05
4.073747195019428e-06
6.624618392569422e-06
1.4147570900908233e-06
9.984488255711183e-06
1.0960481440414033e-05
0.0286632763366986
2.0629577068203816e-06
5.14453232956954e-06
8.659891099989326e-06
4.491654904016379e-06
4.3536333262576286e-06
1.9001058468027442e-06
6.623393805200332e-06
5.102533525574013e-06
6.6346818855686696e-06
9.824870555636655e-06
2.035932884413201e-07
9.727385302857638e-06
6.694348023200649e-06
1.437891283405813e-06
1.0531404647655833e-05
2.2575561622196634e-06
4.464677910180778e-06
0.0
6.6458621474784645e-06
8.46747541276765e-06
7.74425273887198e-07
5.971978485944315e-06
1.0734769780613758e-05
2.79986956512288e-06
5.328484272056438e-06
6.551854375211908e-06
8.231738528955635e-06
5.002570856848812e-06
5.405353429045363e-06
1.84862268872881e-06
6.0997670606604155e-06
7.867655130979198e-06
6.420255923986174e-06
3.1018173667865567e-06
8.374159091995427e-06
7.310196161598427e-06
0.0
7.5993132637876955e-06
7.974460436585755e-06
1.1562695990417356e-06
0.0
0.0
9.176104774594537e-06
1.974312410224352e-06
3.274251851896073e-06
1.0346739029482268e-05
1.1125975789211732e-05
3.892450412368998e-06
3.6392032830422796e-06
9.450341308518899e-06
5.888865586245115e-06
7.331903006546292e-06
5.091085054657823e-06
4.919224176462605e-06
5.6183474959224766e-06
5.579660729420001e-06
4.388313590679252e-06
6.0250422792846485e-06
4.394345471254873e-06
0.0
7.774137410835935e-06
3.0737562423043673e-06
8.957252492595592e-06
1.0080557915797952e-05
1.1037820829303675e-07
0.0
6.6961779353160064e-06
2.19690844050454e-06
2.855331933063812e-06
1.299940553170762e-06
2.648536563831298e-06
1.008306086373621e-05
9.803966136245558e-06
9.908516101268366e-06
1.0621758428111206e-05
1.1148606123740592e-05
1.0036370061571911e-05
0.0
3.7706827943730365e-06
1.0277432837467865e-05
0.0
7.7602366412377e-06
9.375053269090811e-06
1.0372952626834141e-05
2.569447894973569e-06
9.883003638451072e-06
1.9202153701188005e-06
4.58330169748761e-06
5.524755217876167e-06
4.361665693376639e-06
6.517364294872701e-06
4.452263266536295e-06
1.0783334486510758e-05
9.275912976650914e-06
7.946680578696433e-06
1.8125303432888912e-06
0.0
1.0319605313718023e-06
8.04174434267172e-06
1.035552385353305e-05
7.575331239739757e-06
0.0
6.16155719890375e-06
9.482357829050226e-06
9.108772786226578e-06
7.103090729389137e-06
2.2395108792703662e-06
2.051654409798851e-06
2.4564243067028525e-06
8.21547720175454e-07
6.7882939501610686e-06
9.277196992790396e-06
5.065083214994962e-06
1.1176987689155817e-05
2.0047626603879232e-06
6.817166437786571e-06
3.1171346562827228e-06
1.021526971576344e-05
8.467975121475096e-06
3.2509705972108295e-07
6.610595391976454e-06
7.4860802266594484e-06
9.861998698812394e-06
6.756782291312e-06
9.204477697262584e-06
1.3707305253805183e-06
4.1502609627274475e-06
8.227461097032071e-06
2.311700894749244e-06
1.020875816626319e-05
8.057583732428225e-06
1.5073503189237751e-06
5.218623426916835e-06
3.486976660507985e-06
4.305900985240113e-06
1.0832493154708134e-05
6.573157249521864e-06
1.1087642572362138e-05
8.19649994138581e-06
7.95828291151296e-06
5.429548235583336e-06
0.0
1.673004269936015e-06
0.0
2.5443405822664473e-06
5.183967872780992e-06
6.621034700003952e-06
7.252431479822851e-06
6.54705004284553e-06
7.257631033630196e-06
8.969681638071147e-06
0.0
9.78074730509858e-06
4.186195300869206e-06
1.8422126220825533e-06
1.092932004736911e-05
9.607139359053172e-06
2.743290574963463e-06
2.336283884379601e-06
6.42593465771845e-06
6.6669560603878955e-06
1.0638396302580098e-05
3.198065963819505e-06
2.2706791120345794e-06
2.3094594586145078e-06
7.595182748904283e-06
8.642979496868305e-06
9.296653708836559e-06
3.0544105055947584e-06
0.0
3.3502884761899688e-06
1.0001797826689889e-05
5.662261159370453e-06
5.561010324692685e-06
1.0079992113288625e-05
2.8188346665284594e-06
1.2593924236145867e-06
1.0162758825314811e-05
4.7801145377795395e-06
6.067018152274287e-06
0.0
0.0
1.0748168592858549e-05
3.5954945701489517e-06
9.007614224623124e-06
6.116201016491516e-07
2.0484210334707844e-06
0.0
3.1670185547885962e-06
0.0
4.628468005366827e-06
6.117515590702441e-06
4.4230754260556124e-06
4.462617657969017e-07
1.2733431520708704e-06
1.2489177958070376e-06
1.530500646538676e-06
0.0
0.0
2.4470515314512092e-06
1.02152737264596e-05
2.6716770903448427e-06
8.871002909374527e-06
8.829105523332959e-06
8.49585183739588e-06
8.978639067862688e-06
4.766062050099126e-07
0.0
1.0241503403526088e-05
4.5734991478970755e-06
8.10028513463418e-06
1.0664482593510958e-05
9.25400070616252e-06
1.0748765764653308e-05
7.760762889246382e-06
6.73709971033672e-06
1.2441760644826802e-07
5.855125587331496e-06
1.0547365951788186e-05
4.629325245636101e-06
2.074258006676926e-06
4.9115608397198565e-06
6.2337605534293e-06
1.7082296165843673e-06
0.0
7.500242012840064e-06
1.110132096891825e-05
1.0202972554324733e-05
2.7614092668685784e-06
8.688275990156058e-06
4.033226368079321e-06
3.919140291827206e-06
6.808108973751907e-06
1.009066595568314e-05
9.252587479199488e-07
3.223919714882144e-06
5.087072105092049e-06
4.954177391433805e-06
0.0
1.011482524413593e-05
1.046517930323767e-05
6.835276762495497e-06
5.59303498809419e-06
9.531379012322163e-06
0.0
3.973041989513775e-06
3.7272599415663505e-06
2.566888916928595e-06
9.741757541047843e-06
5.108488219753375e-06
9.130840676617397e-07
4.8339102633512e-07
5.978956853118309e-06
4.3655411515572925e-06
0.0
1.0979483659499882e-06
5.180932025331112e-06
9.66165475247992e-06
9.383916243017199e-06
7.0476744511202415e-06
6.071338780248977e-07
3.0098577481485493e-07
0.0
1.6116692483321134e-06
0.0
4.688740404572504e-06
1.770171962979647e-06
1.8529327558398213e-06
4.717178438025232e-06
4.152141184110393e-06
4.773201966137041e-06
8.56673870833441e-06
1.0301651447879956e-05
3.2424831664025787e-06
8.668637777868455e-06
0.0
5.910807063061225e-06
9.360442851092016e-06
8.226304535696067e-06
2.449183471345887e-07
6.074588879137865e-06
0.0
3.9170285989364796e-07
9.310593283976043e-06
6.736809496870347e-06
1.954052173637379e-06
1.0150899998350633e-05
6.9018884288985816e-06
6.8825603006391935e-06
6.814531868961249e-06
3.2950460558689373e-06
5.7356276006934175e-06
9.488625488313646e-06
0.0
2.3507408483892554e-06
0.0
1.0122626533694824e-05
1.0675327497213464e-06
7.96633689027052e-06
2.3232652232257775e-06
1.0661701529998147e-05
4.504322062125543e-06
8.181981884917821e-06
1.8754914333372909e-06
3.323976530824252e-06
0.0
1.0861258642812952e-05
2.2339604479990376e-06
0.0286632763366986
0.0
1.5910182508672106e-06
8.155863197610906e-06
0.0
4.058200499288446e-06
0.0
1.3646563185228832e-06
9.970217951380401e-06
3.3542807255241995e-06
9.856679248567972e-07
5.43859707439306e-06
3.611365925999087e-06
1.0640998893968584e-05
7.747778953543778e-06
1.3090692198629296e-06
3.436105579738537e-06
7.668524530470396e-06
0.0
1.626078066649789e-06
6.049237868500318e-06
1.2891762061753388e-07
3.298442558789365e-08
2.153606057894118e-07
1.0224250610921527e-05
5.915066981721496e-06
7.353482746127834e-06
0.0
5.783591187667871e-06
2.7210865299762404e-06
0.0
1.0768467191962252e-05
4.349192078939115e-06
0.0
0.0
1.0251352379249363e-05
6.3441932043703835e-06
9.395569494487806e-06
9.742332186104706e-06
6.984476363544115e-06
8.653180841139032e-07
1.0775185394729366e-05
7.287214177972557e-06
0.0
0.0
6.077985414501411e-06
2.053423773071112e-06
4.977856718263068e-06
3.447446586381032e-06
8.925631510361401e-06
7.76410554222423e-06
2.270084722806875e-06
2.7211700384419045e-06
3.3175529734439564e-06
1.0950021198968594e-05
4.972056622528266e-06
0.0
0.0
8.824872302136453e-06
8.895901460858277e-06
9.519975007318567e-06
4.976182732737893e-06
1.6617978094438005e-06
1.5932679941175534e-07
0.0
4.617591013555451e-06
1.0942203089411299e-05
0.0
5.928379662756185e-06
1.0383247392074136e-05
9.353046591710531e-06
5.75672248825119e-07
8.420774389699906e-06
1.0434353848155697e-05
5.181453384229228e-06
4.536619951308928e-06
2.572469705291076e-06
0.0
3.3840195760706065e-06
0.0286632763366986
5.578890930633146e-06
2.108475185390209e-06
0.0
0.0
5.0126075340548256e-06
5.148630854598622e-06
8.834834902441115e-06
4.4854738009125115e-06
1.6772445265274836e-06
0.0
6.5178695777351034e-06
8.15968088004023e-06
0.0
8.65002011696028e-06
0.0
3.514022769429409e-06
6.206544411246332e-07
6.4372982525499135e-06
1.0817280658874911e-05
8.900017005750548e-06
6.909798731447555e-06
1.1072791405514668e-05
9.582782726598833e-06
4.112027698570646e-06
0.0286632763366986
0.0
2.893572110895522e-06
1.3968916400624527e-06
2.4919624357290457e-06
8.238868644206348e-06
7.063774282027628e-06
6.574497688054867e-06
9.344240070389765e-06
0.0
3.539519246346466e-06
5.406497089571509e-06
9.676899331780589e-06
0.0
1.0760643342527226e-05
7.057345179788359e-06
8.513744522985286e-06
1.0107696105201906e-05
8.047902970971547e-06
8.143115669848269e-06
1.0254923918115297e-05
7.4076259177893796e-06
6.0306154701114915e-06
7.915148794897623e-06
0.0286632763366986
1.094537466307018e-05
5.428290630180335e-06
0.0
3.6999936532768132e-06
4.575551112717478e-06
6.634715618939484e-06
3.928250394393449e-06
5.160957940882803e-06
0.0
9.739230165225777e-06
2.39114984319824e-06
0.0
8.121582331848126e-06
0.0
2.3468719416152651e-07
5.5626115145735565e-06
2.3847225608998915e-06
1.558707259203651e-06
4.296119104894632e-06
5.47214375051396e-06
4.264615000860417e-06
0.0
1.0969203664010203e-05
5.614716413367374e-06
2.937917547674165e-06
0.0
6.087139588180955e-06
2.3252774405439848e-06
1.0319877018388251e-05
4.968999204266114e-07
0.0
1.1024400689895824e-05
0.0286632763366986
7.154709191957655e-06
1.2230445279632974e-06
6.4214010941407125e-06
1.8211393157832893e-06
3.6164733717301264e-06
7.981752142899558e-06
0.0
1.868929387592384e-06
9.32288031918107e-06
0.0
9.437042236515437e-06
3.1736533549713496e-06
1.0552819593257504e-05
7.047909665396509e-06
5.1556851669488135e-06
1.0170805666900605e-05
6.928463898580563e-06
9.818112592748948e-06
1.634330000829384e-07
0.0
6.6240313020225496e-06
0.0
6.2986881468737055e-06
0.0
4.28275044237461e-06
1.8490571665442357e-06
7.728531495463508e-06
4.6424480338705405e-06
2.824598762147742e-06
7.646011899233187e-07
3.007998821090846e-06
1.6287599758727086e-06
5.0986065799406005e-06
4.898220462475624e-07
0.0
0.0
8.852955561246548e-06
1.839891102253933e-06
8.32598995259733e-06
0.0
0.0
9.42179009210378e-06
3.848049337367696e-06
0.0
2.690067278060547e-06
9.771026539571944e-06
1.0927251634915745e-05
2.8709274963555606e-07
3.7555410973896654e-06
0.0
9.114276574933589e-06
8.640293604894932e-06
4.250412537796388e-06
6.5985152420032175e-06
4.732449093942027e-06
9.958524657277203e-06
5.676624066452407e-06
6.890915247411567e-06
0.0
1.096288508488671e-05
6.178566880932316e-06
8.67796449112568e-06
0.0
1.3277134533817639e-06
2.2343622970249566e-06
5.325974729161018e-06
0.0286632763366986
8.979127058202367e-06
3.007102639798361e-06
5.817802117809577e-06
3.8104792351750905e-06
8.750983667703074e-06
4.2534876513811955e-06
6.824226804031031e-06
1.0407407941556485e-05
9.78449917266277e-06
6.623174432265176e-06
3.778788056213902e-06
3.321470514069303e-06
2.4097242050222787e-06
5.343874786071426e-06
6.691092855331373e-07
3.1214455572057806e-06
3.3809311523649556e-06
3.1986359993762796e-06
9.222719417749527e-06
7.032652561971504e-06
1.6450634940311173e-06
0.0
1.7669373222754592e-06
4.306922348639667e-06
0.0286632763366986
9.553103281196653e-06
9.352380488652004e-06
1.1106294075050005e-05
1.0773577684525812e-05
1.0262711154922236e-05
5.78747287103552e-06
5.2957544500873205e-06
9.753485173561904e-06
0.0
1.3710170061312109e-06
2.9738433873563016e-07
3.8105544072727525e-06
1.1157695097097709e-05
6.522941916969877e-06
5.7501373361706925e-06
6.3134201549374965e-06
9.091666464912036e-06
0.0
7.052413732588016e-06
3.693405101977936e-06
0.0
8.507736583559166e-06
3.7296646953378166e-06
1.0663382518895414e-05
5.7608252327320686e-06
8.153816148873253e-07
2.430233707883773e-06
0.0
5.255221914287592e-06
0.0
9.755577531595473e-06
5.063171779761405e-06
0.0
4.438227943172305e-06
4.7489989978076944e-06
3.38448356615135e-06
8.916904761835738e-06
2.376345846757049e-06
6.438369126420821e-06
0.0
4.956003206604976e-07
0.0
6.119329906553024e-06
8.91924330874355e-06
5.387700435828061e-06
9.859430280424233e-06
2.3379306338754976e-06
8.791841632561181e-06
9.220259559042184e-06
6.746747210049364e-06
4.5071684005916105e-06
1.0475014130693293e-05
8.613251190350636e-07
3.281107255195953e-06
9.529334141443493e-06
8.510654264465066e-06
1.0340677769883153e-05
4.442151049195364e-06
7.932546305648727e-06
3.401518623938489e-06
0.0
0.0
0.0
7.214248769316933e-06
7.791139966388725e-06
9.258154844061874e-06
5.542409762679338e-06
7.204839497489146e-06
0.0
6.410482611888442e-06
2.469422543409985e-06
4.5417363037354806e-06
6.133590319293467e-06
2.0549667476692327e-06
9.107723756393882e-07
5.421233392281797e-06
6.5060420233804395e-06
8.485508635902164e-06
0.0
6.531461297154369e-06
0.0
7.818870975370473e-07
8.889692450146876e-06
7.305712612361423e-06
7.94792340669005e-06
1.1058013118936926e-05
7.788352387710382e-06
0.0
9.755558526911289e-06
2.611238955116869e-06
3.152967767291617e-06
7.646270462939103e-06
8.11403952767153e-07
0.0
0.0
9.332488935744098e-06
7.901549055226626e-06
0.0
1.3977174777460795e-07
0.0
7.355440570629946e-06
1.8561024277201497e-06
6.680077383553556e-06
0.0
9.891020556407282e-06
4.189640330544635e-06
1.0635383960057956e-05
1.0642369349762267e-05
3.512205606135761e-06
9.316041296904446e-07
8.303234414677924e-06
0.0
2.1447289677257045e-06
0.0
2.0613652027093436e-06
0.0
6.4074966063382895e-06
8.485415948192079e-07
4.087471902079515e-06
8.409751535661191e-06
7.096663332636927e-06
6.902360807675551e-06
5.415199892098459e-06
1.0605584972239294e-05
6.411568432137578e-06
8.26707636066285e-06
8.366897357874715e-06
4.307869312359796e-06
0.0
2.8990072364800353e-06
0.0
3.2055338858541913e-06
1.0087692135841318e-05
3.6732612025642316e-06
1.0641395317981778e-05
2.211721565232943e-06
1.0140219863760202e-05
2.42533626900554e-06
4.884432825906802e-06
6.187895152844729e-06
9.390966279836435e-07
8.412106503639533e-06
5.377707399170162e-06
1.1144193835802104e-05
8.598116031773848e-06
0.0
3.2071272924512497e-06
4.104597254102623e-06
7.569923534189671e-06
1.0309406012643403e-05
2.2661318792096245e-06
1.0185401190702827e-05
0.0
0.0
4.493428308016403e-06
6.7147733588542935e-06
1.0893729004990268e-06
8.566739262040764e-06
1.6425955269123337e-06
1.0557249234039364e-05
0.0
4.878106753621963e-06
7.974084563322365e-06
7.290080906149621e-07
5.148073451464936e-06
9.308827047780102e-06
5.529869342986268e-06
8.527595154323442e-06
1.0223984490176705e-05
1.1173003181219705e-05
7.790492399563833e-06
0.0
1.0207547344721032e-05
0.0
1.934285622792823e-06
1.3165286870949047e-06
1.2670744479628186e-06
7.686810530028986e-06
6.340953326538739e-06
9.471234843564342e-06
3.2017399040962806e-06
1.0139534402825886e-05
6.8334514972914806e-06
9.248782805799071e-06
1.9751883560521475e-07
9.362485567586562e-06
2.9249165907320995e-06
8.103887186862388e-06
9.498649313200281e-07
2.384225799591438e-06
0.0
0.0
3.093067158180794e-06
9.55183456544404e-06
2.615208558281264e-06
3.3109215438937085e-06
1.5909746041533222e-06
6.972801606241662e-07
1.552662957774267e-08
7.926974893050891e-06
6.67196071093271e-07
6.620786464432595e-06
2.225817087172642e-06
1.0105682002873413e-05
9.325139027385219e-06
4.219161775690294e-06
5.877774699362216e-06
5.724512379135881e-06
0.0
1.0104868191824688e-05
8.117948513349351e-06
6.814079565021146e-07
0.0
2.7828809476152183e-06
8.503363308035686e-06
1.0678681050356366e-05
1.109233955170027e-05
5.176217748641185e-06
7.816449130094692e-06
4.3428696188555745e-06
1.0100404501578047e-05
4.122069690423113e-07
2.0882065181914992e-06
2.4399202616659994e-06
3.545547248278057e-06
1.097821829606946e-05
1.0027713467845614e-05
5.854703721275287e-06
6.32519598062647e-06
0.0
1.0790143294739544e-05
0.0
2.7816603378195963e-06
8.135310094126323e-06
3.5232235362224036e-06
1.0099731703232244e-05
3.54708132552229e-06
1.0810400750633042e-06
9.269915718392817e-06
1.3456209537424762e-06
7.2534937470602625e-06
9.082400209691639e-06
2.0552550802652184e-06
1.0956598377553532e-05
8.151045913740946e-06
4.999578567720886e-06
8.632413850545186e-06
2.9182194321125678e-06
2.633105109945226e-06
0.0
9.231890848812607e-06
2.250570435247372e-06
4.568533764738494e-08
0.0
2.162809322451284e-06
2.199467850043002e-06
8.144369422037096e-06
1.0445588548433267e-05
1.9173772906249664e-06
4.303721371708926e-06
1.6330279390525392e-07
6.504036336394884e-06
0.0
0.0
5.322093449558716e-06
5.197327176606388e-06
7.162303176531469e-06
3.7305084675249843e-06
7.167078751478755e-06
6.152072166681409e-06
2.4007849238787865e-06
5.6860113286030475e-06
4.544779806371029e-06
1.0757333110182742e-05
1.3527630377711783e-07
8.05988807280548e-06
4.987031192621533e-06
9.323240651321125e-06
1.642334222044879e-06
0.0
7.359598362940664e-06
3.0091219839202707e-06
1.0883702046249555e-05
6.08877701434881e-06
0.0
5.047724160454662e-06
0.0
1.0962044963918452e-05
0.0
9.890676507964948e-06
1.0482839571930138e-05
6.4876357498128885e-06
4.844671815992945e-06
1.0224152091792943e-05
0.0
0.0
9.129419983070267e-06
0.0
0.0
9.513056503424474e-06
8.084220694453481e-06
5.813133785945174e-06
8.692810328673163e-06
1.6526470568707745e-06
0.0
0.0
8.276396986978977e-06
6.320151286896273e-06
9.59270844472292e-06
1.550536814740802e-06
0.0
0.0
4.230510898525176e-06
6.48316064709797e-06
8.031727791065493e-06
8.953611071374967e-06
0.0
8.763233667879012e-06
4.021131962870003e-06
0.0
3.3284109071541507e-06
7.451679588085567e-06
7.234181231928319e-07
3.976988622128166e-07
