1.05227953725577e-05
0.0
1.9903307721368412e-05
0.0
0.0
1.10164948652574e-06
0.0
9.995157321351508e-06
6.636204662906132e-05
0.03255895435916435
4.6906528305794375e-06
4.218753681377702e-05
6.531920847856804e-05
5.4478369198627944e-05
2.5654776693336828e-05
6.576319719932215e-05
9.78467773036706e-06
1.9374132565728652e-05
5.715747243242663e-05
0.03255895435916435
0.03255895435916435
5.599511249680221e-05
0.0
2.3871131136964507e-05
6.577863694983347e-05
0.0
0.0
4.751189157364502e-05
0.0
0.0
4.983988798027829e-05
0.0
2.6008112368940588e-06
4.7644427630645406e-05
3.73848023076887e-05
0.0
5.854825276186759e-06
3.676661019446166e-05
5.6213215610265744e-05
0.0
0.0
0.0
6.0690227954171655e-05
0.0
5.491364247942094e-05
2.3218305219878326e-05
2.9466440829812963e-05
2.3984302670253507e-05
2.916060436329867e-06
1.5039851590181916e-05
5.133861370327978e-05
0.03255895435916435
6.354680133629039e-05
9.088378239795328e-06
0.0
4.0965759659785934e-05
0.0
9.808126096425522e-06
6.1571789719856e-05
2.5070250303972037e-05
4.761699419088542e-05
0.0
4.63541149975509e-05
4.0966922762033634e-05
1.1739398631039833e-05
0.0
2.8580837958644704e-05
0.0
0.0
5.170426982697126e-05
1.588524929999611e-05
0.0
3.710611010416144e-05
4.286519147418594e-05
0.0
0.0
5.1986862706777896e-05
1.803644474646355e-05
0.0
0.0
3.378215947158603e-05
8.646556219539221e-06
4.9193952155276805e-05
0.03255895435916435
2.2492060102384523e-05
0.0
5.946091614915625e-05
0.0
3.515326212339435e-05
6.644885085129145e-05
4.0402267370129e-05
5.552004364426725e-05
7.90356318115622e-06
3.788339546958905e-05
2.4532523831001286e-05
2.183390639675246e-06
7.382966864841005e-06
4.015610305501666e-05
5.702094467471586e-05
4.4029392176653614e-05
0.0
3.185443324132998e-06
4.467671473985509e-05
0.0
2.671102743259395e-05
6.302624655768944e-05
0.0
4.654765209170195e-05
3.317357606668079e-05
1.3572744286394794e-05
0.0
2.9838178699635924e-05
8.869898273883478e-06
5.1391809495108155e-05
1.6130391700201032e-05
2.59893019416679e-05
4.5705311168374274e-05
5.009750271806618e-05
3.7602494976532286e-07
0.0
4.4442094355488035e-05
4.699287186668872e-05
2.4237930873542723e-05
0.0
4.9748813565462786e-05
2.0154826588438315e-05
5.050379944737741e-05
2.813640497575595e-05
1.626003451806099e-05
0.0
0.0
2.7647814080156024e-05
4.0949011233176624e-05
0.0
0.0
5.515887680063733e-05
4.876714886020064e-05
2.9235088946420572e-05
4.2446343908105003e-05
3.1284000647150635e-05
3.0508031687808078e-05
0.0
2.5697090958010568e-05
0.0
6.250740724582048e-05
1.0743631910001281e-05
5.6027387806454976e-05
0.0
3.5964720445122596e-05
0.0
0.0
2.890637021203153e-05
0.0
3.115328352139847e-05
1.2352336556606438e-05
0.0
4.063351074646813e-05
5.174424663165951e-05
3.4572697837439934e-05
0.0
0.03255895435916435
0.03255895435916435
0.0
4.119066152036199e-06
6.406022135699074e-05
5.136758608299518e-05
3.020961862999417e-06
5.4214674022634526e-05
1.8666073066936728e-05
6.125422363466417e-05
4.073433553061891e-05
4.401981669447911e-05
6.200049998080093e-05
9.013093366576421e-06
0.0
5.240815573871048e-05
6.652929032524535e-06
5.70224044251603e-05
5.41838628035517e-05
5.950755312203783e-05
3.637289075901104e-05
3.791791525208228e-05
4.884589090408314e-05
5.163050383241586e-05
2.54384922420091e-05
5.969021209850141e-05
2.6160568414246054e-05
4.93886450578355e-05
3.577982007999032e-05
0.0
5.11586538225628e-05
0.0
1.6177641860679425e-05
4.1347797840017755e-05
4.316295611478112e-05
4.278177920915929e-05
9.148115886509672e-06
3.202931936609748e-05
6.276088006903614e-05
6.0151589342054434e-05
5.2998949355374366e-05
0.0
2.461018960980816e-05
6.41388000322542e-05
0.0
0.03255895435916435
1.0175842408949804e-05
4.3196907295613196e-05
0.0
6.249891314361931e-05
3.4255746990830834e-05
6.112153325901183e-05
0.0
3.951289349079593e-05
0.0
0.0
0.0
6.9014342230422355e-06
2.982821012218891e-05
1.77318542541758e-05
6.401352383436122e-07
2.9669609878068044e-05
3.335873842172794e-05
0.0
3.298576894777075e-06
8.888208615222184e-07
0.03255895435916435
1.4537313253430928e-06
3.1692229511368326e-05
1.2071653589206237e-05
1.6239429478499278e-06
6.790821804589063e-05
5.637331062961868e-05
0.0
2.4701905666483062e-05
3.9530864128798684e-05
0.0
6.073967678173634e-05
4.807357674744648e-05
3.0478596287888558e-05
4.034804548048464e-05
2.8388523014861743e-05
8.242406710810222e-07
2.4774949148996304e-05
5.404962038311473e-05
5.42701060597588e-05
1.777346519596718e-05
0.0
6.015525471875291e-05
0.0
3.251221617633182e-05
0.0
6.230592235815942e-05
0.0
6.536987403662327e-05
0.0
0.0
3.0198355516720224e-05
0.0
0.0
3.533925948186987e-05
6.066872124934766e-06
3.0307195393739186e-05
0.0
3.313762799586305e-05
0.03255895435916435
1.6682464928262184e-05
5.4597900432324316e-05
6.160133255756116e-05
0.0
5.77863296309428e-05
0.0
0.0
0.0
1.996862097115443e-05
0.0
1.9069453388070468e-05
1.9394570663507264e-05
2.1607134913120943e-05
7.240355818482784e-06
4.91487329614744e-05
0.0
2.6882259378780425e-05
0.0
1.5820253140012052e-05
4.447591379205595e-05
5.052365750078176e-05
0.0
4.051499144053783e-05
3.65718348749392e-05
3.6227796043539826e-05
1.6004724912777488e-05
2.218598662015177e-05
0.03255895435916435
3.0561028561774806e-05
2.1537148746734223e-05
0.0
0.0
1.7555823941433002e-05
5.857329295806397e-05
2.829075076821528e-05
6.819694057592195e-05
0.0
0.0
3.651891886504074e-05
4.8210561485355776e-05
3.884408731172557e-07
0.0
0.0
4.352828775968513e-05
6.447122243409145e-05
0.0
3.0403074104169683e-05
5.094492897049592e-05
0.0
2.103442947295515e-06
2.283518277551572e-05
0.0
0.0
0.0
6.176128279778869e-05
1.1596641764289833e-05
0.0
2.2890642302148354e-05
6.912255260050452e-06
0.0
2.4865198597428704e-05
6.613363775496545e-05
2.7066999356271747e-06
3.0972835441411825e-05
0.0
5.31779464173855e-05
3.467299454318384e-05
0.0
2.5920726049076464e-05
0.0
2.305405402971484e-05
5.99005059396078e-05
6.511479026795317e-05
3.0620816543625903e-07
2.681356278660271e-05
3.9388108051598745e-05
0.0
6.823011656853486e-05
0.0
2.4616767932994412e-05
3.5907224077336595e-05
2.3860392296019666e-05
4.6036657231373035e-05
2.9019489368392168e-05
0.0
0.0
0.0
0.0
6.324255842252303e-05
6.823770197672701e-05
1.0447821127262112e-05
2.8310828476363754e-05
4.42061398473647e-06
0.0
2.177729737177737e-05
9.044475874297785e-06
3.608879793240763e-05
0.03255895435916435
9.790843791107564e-07
0.0
0.0
3.642220086369974e-05
3.3867982916787966e-05
0.03255895435916435
3.228839793424291e-05
5.144335472903524e-05
3.2100239307865074e-07
2.4351733425335914e-05
3.436006847583205e-05
2.6303275987010472e-06
1.1667948222959043e-05
1.6493395123486067e-05
0.03255895435916435
0.0
2.987050273310187e-05
5.462636090491718e-06
5.9120095785688825e-05
0.0
1.0357311169091537e-05
5.649828484719956e-05
6.18833059362493e-05
3.124432031118303e-05
6.033097696877447e-05
4.085858896541409e-05
5.10144342073266e-05
1.1452955653983609e-05
0.0
0.0
1.4607145488596293e-05
2.2872527808181523e-05
4.77967378787922e-05
0.0
2.3610559899218225e-05
0.0
0.0
0.0
1.0241133689342797e-05
5.2740317611247076e-05
7.607442858762877e-06
3.5048597543705164e-05
2.4330999442549465e-05
3.458880091312411e-05
4.155583262112085e-05
3.598329936027342e-05
0.0
0.0
0.0
4.403959469445878e-05
0.0
0.0
4.939239200261933e-05
9.58933197237601e-06
0.0
0.0
0.0
6.51066932505067e-05
1.429539340474714e-05
6.210592748649875e-05
0.0
5.8762887502184236e-05
0.0
0.0
1.8575742781385923e-05
6.574957057866449e-05
4.1341429124787506e-05
4.2487923594046994e-05
0.0
0.0
0.0
0.0
4.334552055010737e-05
3.5920108011749968e-06
1.517946811925502e-05
3.290914967763004e-05
9.364888084627192e-06
5.663257549002133e-05
6.191083322663154e-05
0.0
5.30510559039843e-05
6.480976493558717e-05
2.909290839050463e-05
6.231936754296474e-05
1.3292934847482016e-05
5.1478906209241596e-05
2.0169158301935433e-05
1.851132684736138e-05
0.0
5.295616792592425e-05
1.836485405011076e-05
7.460575288081674e-06
1.2051087717427108e-05
2.099087625988114e-05
0.0
0.0
0.0
7.313386511085981e-06
6.618586824220874e-05
0.0
4.0683537639971026e-05
6.208676215204742e-05
1.066533264286218e-06
8.651709543485411e-06
9.96916544594631e-06
0.03255895435916435
0.0
7.46133088390916e-06
0.03255895435916435
6.15741553832067e-05
3.26975639051281e-05
0.0
1.2688939264879323e-06
3.382463895293264e-05
3.461593891073184e-05
2.9504078925970537e-05
1.45976448709578e-06
4.0284700842448816e-05
3.683828248364952e-05
0.0
2.5815834226619444e-05
1.6172635382304124e-05
0.0
0.0
2.2503276955882037e-05
4.9951751176913555e-05
5.5246019436058346e-05
0.0
1.7629582447011104e-06
6.467292988696266e-05
9.316885534199024e-06
1.734583734780076e-05
0.03255895435916435
3.0419997923378966e-05
0.0
3.365339545023059e-05
0.0
1.2981994609383917e-05
3.8937669009455287e-05
1.9496854743128988e-05
0.0
0.0
8.668551141194137e-07
5.446099872750275e-05
4.8311759855119024e-05
0.0
0.0
2.648172047336339e-05
4.726323084879706e-05
6.425817834326257e-05
9.261311306089081e-06
0.0
2.5660421498671467e-05
0.0
0.0
5.04647642001238e-05
0.0
2.509733074146289e-05
3.583129168617156e-05
5.616100467344974e-05
3.09441150339442e-05
1.990105709985588e-05
5.625835291224947e-05
3.5305666336945095e-06
1.930837407018985e-05
0.0
5.787587352652204e-05
3.485900293518945e-05
0.0
6.047857943899757e-05
4.4082864339890834e-05
1.4445365750818297e-05
5.393392065153577e-05
4.176641123976548e-05
3.5061246336596895e-05
2.2440801949438164e-06
5.4552658062098305e-05
2.435538919926768e-05
4.09367873707855e-05
4.07793013283777e-05
4.9451239277163734e-05
4.910168370495346e-05
0.0
7.360092448063079e-06
3.783820347598372e-06
0.0
5.7487919492903686e-05
4.3803550118108124e-05
3.354356398256916e-05
0.0
4.334934718150268e-05
0.03255895435916435
0.0
0.0
4.8383727576189876e-05
0.0
4.4828238549432945e-05
2.012776749152438e-05
4.7494170451754175e-05
2.135962212536678e-05
4.333809598583215e-05
5.681375963296924e-05
4.107763447798738e-05
0.0
1.2418478122810222e-06
4.9739455099294756e-05
5.707036071749363e-05
0.0
1.8525312977345266e-05
4.412021374013119e-05
3.9209772546941e-05
0.0
2.8798631177260144e-05
2.502173779061978e-05
2.6177799541633262e-05
0.0
4.250552599940895e-05
0.0
3.157632604621598e-05
6.302185285774538e-05
0.0
7.961150459172285e-07
9.077942921141142e-06
2.73225205063239e-05
4.184631890275961e-05
4.3114876337474586e-05
0.0
1.5502802785722973e-05
5.8601385689419215e-05
4.193124212482763e-05
2.5144477833506187e-05
2.5153730719626905e-05
4.6370972472311355e-05
5.670960351896589e-05
2.3827834470481712e-05
1.9927502440848862e-05
2.9008775782405984e-05
0.0
5.5558138082820134e-05
0.0
0.0
2.024515227584353e-06
4.161737691077212e-05
2.4708602763133705e-05
2.7121628088885663e-05
6.173813563945061e-05
0.0
3.842026381779359e-05
1.000274950380387e-05
0.0
3.396232100311451e-05
5.340962793069339e-05
5.025893111738394e-06
4.7128787523441573e-05
0.0
1.5743573803827391e-06
5.393109951943899e-05
0.0
2.250582551930564e-05
5.384984524219757e-05
1.884503630654233e-05
0.0
0.0
4.6403808556272266e-05
0.0
4.759300606557557e-05
0.0
2.54534490826532e-05
4.658767553769281e-05
0.03255895435916435
0.0
4.0166517261239403e-05
2.856663153711326e-05
1.3149630596352488e-05
4.955325771392727e-05
0.0
5.111790001176272e-05
4.2630318453106635e-05
4.3785475893742045e-05
3.327802604171818e-05
0.0
4.50730804094596e-05
4.721241662771594e-05
0.0
4.488221655021321e-06
0.0
3.4594919700936306e-05
4.220437352266685e-05
3.684387586991271e-05
5.351766633887515e-05
5.675432498685864e-05
0.0
0.0
5.286344681926808e-06
2.77097468910011e-05
6.352389354756907e-05
2.8113343663701836e-05
2.4179379316284943e-07
1.2650968383498535e-06
5.747360363776316e-05
0.03255895435916435
5.6952338343267655e-05
0.0
3.100840491597951e-05
0.0
6.0702474466986204e-05
1.740206107914796e-05
5.009277562919888e-07
4.3588658755543736e-05
8.368375897512187e-06
0.0
0.0
2.7834312452411253e-05
1.760543012754673e-05
0.0
0.0
5.1872573849437845e-05
4.003367868366565e-05
5.96101426020326e-06
5.033156816346033e-05
4.8291288956946975e-05
5.3366870474701696e-05
5.3765838314966535e-05
1.7969066691543903e-05
0.0
0.0
0.0
0.0
5.100753076102753e-05
4.864495262522754e-05
4.487237179956632e-05
0.0
4.646243482687371e-05
4.420892788877682e-05
1.2633521867250593e-05
6.141753473880465e-05
0.0
4.7148644467401134e-05
0.0
3.820493605679929e-05
2.1668754382803414e-05
9.517992397837034e-06
0.0
2.7148616462747475e-05
5.493669263413355e-05
4.485888053441193e-05
2.0493294048661663e-05
0.0
5.031342497705779e-05
2.3451496426833634e-05
3.874378932569363e-05
0.0
3.519925341270193e-05
5.018624914263538e-05
3.592317562972248e-05
9.39832576298215e-06
0.0
7.381539789079422e-06
0.0
1.3801982947203552e-05
1.8107747348880848e-05
5.772714552450603e-05
2.4661945765607272e-05
0.03255895435916435
1.4750226036381633e-05
0.03255895435916435
0.0
5.313398053883247e-06
2.9213470375601736e-05
5.736316914937668e-06
0.0
5.951235468046716e-05
4.4532613711771005e-05
0.0
1.1707780165454695e-05
4.457316248018993e-05
1.2958677679198643e-05
1.2777997882209512e-06
0.0
2.325207243888521e-05
5.636880500811795e-06
2.548914231091346e-05
5.76964042325337e-05
1.805282269273782e-05
6.577590767389609e-05
6.130652637320636e-06
0.0
0.0
6.48211197554905e-05
5.981177095227654e-05
6.209841796716252e-05
4.225719966665189e-05
0.0
2.8228505680680084e-05
3.103150292921458e-05
3.375761521143834e-05
0.0
0.0
5.709749308652243e-06
4.43733836108042e-05
0.0
5.286333754172169e-05
0.0
8.158982113097462e-06
5.687610510053376e-05
0.0
3.572999989017694e-05
5.8450286362422515e-05
0.0
1.8935560600415394e-05
2.5476999500036547e-05
3.0049135614108257e-05
8.083425283455423e-06
1.8526374724549874e-05
4.379905833827202e-05
6.0446971112460374e-05
5.3414330082525055e-05
5.973506816139047e-05
0.0
1.1764270691270966e-05
7.821046146601065e-06
2.5362104497683478e-05
3.828211557449965e-05
4.1757492739684334e-05
1.0903801991815198e-05
9.114490041413799e-06
0.03255895435916435
0.0
4.3213593499067154e-05
0.0
3.592044872317785e-05
0.0
4.918268598298329e-05
0.0
0.0
0.0
4.555180108487728e-05
1.4241969357147619e-05
1.1146457700502234e-05
5.4141480267187404e-05
0.0
0.0
6.173714041447956e-05
2.0467115679264926e-05
2.8709647651028035e-05
4.014682313236497e-06
5.5450353989248646e-05
5.767757303521189e-05
1.0865123223136481e-05
2.4742376463328296e-05
3.0620717337491295e-05
1.547657708315247e-05
0.0
0.03255895435916435
5.392270884098437e-05
4.46352887640894e-05
7.448130359639616e-06
1.2650283879470179e-05
4.320447391411e-05
4.923634374567721e-05
0.0
4.777225817521883e-05
5.683226047915662e-05
5.231017093831521e-05
5.4784086196747774e-05
3.7063924815882235e-05
4.608727926725704e-05
8.89435247839634e-06
5.373968855357608e-05
2.413598440981704e-05
0.0
6.491289431861552e-05
3.768864181267511e-06
0.03255895435916435
0.0
5.89199034739484e-05
0.0
2.803011585451336e-05
6.928819885414814e-07
2.2629887767498687e-05
1.4656489550421065e-05
1.3675038547232916e-05
1.091572038276215e-05
0.0
4.1158417306977204e-05
5.9681227186142715e-05
1.09192118561987e-05
0.0
6.320362631581498e-05
6.356070576805336e-05
0.0
5.237726378989229e-05
0.0
2.823762664733135e-05
6.440223807389454e-05
7.436784746649741e-06
0.0
0.0
1.6173662171404967e-05
0.0
1.1999789689654308e-05
3.221458416752415e-06
0.0
0.0
9.867456141079492e-06
0.0
2.463858725082031e-05
0.0
7.833738276034437e-06
4.9963911597022236e-05
0.0
0.0
3.754155053693401e-05
0.0
1.4378019386895147e-05
4.423529802063707e-05
5.160013529746269e-05
9.476761075407197e-06
2.0810887603477987e-05
2.8278906300058627e-05
4.796059335861623e-05
1.0775983464843865e-05
5.9407926738160376e-05
0.0
2.306702583986531e-06
3.796791953987321e-05
3.4480255065351065e-05
1.263101610818202e-05
4.383389242757171e-05
3.832311045129481e-05
2.1269586547186762e-05
5.465168704629088e-07
0.03255895435916435
0.0
0.0
0.0
2.33608689471764e-05
5.705580664287005e-05
0.0
1.1908315784017882e-05
0.0
1.1147076062614725e-05
4.203385463784625e-05
6.762549080837234e-05
4.912112169329154e-05
3.324737453016926e-06
3.43667557122601e-05
0.03255895435916435
8.88788416818852e-06
3.920978781216363e-05
0.0
2.9044957507760913e-05
6.744498479644186e-05
1.5296863593792206e-06
7.995871046889762e-06
0.0
0.0
2.8271483728153708e-05
0.03255895435916435
3.8885900774505304e-05
6.429039518665029e-05
4.6364143361705406e-05
5.5140391883741824e-05
4.46001810166684e-05
0.0
0.0
0.0
5.397907514164678e-05
1.302363736162896e-05
5.532678721072937e-05
5.4152113987502684e-05
1.0592794793036845e-05
5.609714078332498e-05
0.0
0.0
4.082697499338179e-05
4.6768993585923216e-05
2.957917390144702e-05
4.115161395463936e-05
4.3954401857899834e-05
0.03255895435916435
4.151239873096228e-05
3.936305107320222e-05
1.423988708334016e-05
4.796774478048502e-06
1.5394308201559968e-05
1.645619030700313e-05
2.5315056241789638e-05
6.872765325869447e-06
2.0820322506674697e-05
6.3260330038392865e-06
0.0
2.963693481934405e-05
3.830373190660023e-05
0.0
0.0
1.6405086046181566e-05
6.660450129586647e-05
4.461482941882231e-06
4.450473338534084e-06
3.0406502844436273e-05
0.0
0.0
3.492953497429631e-05
5.246997138974909e-05
0.0
3.568388210889301e-05
0.0
0.0
0.0
4.899732349576449e-05
0.0
2.019345401736926e-07
6.518554551718366e-05
4.464721165719649e-05
3.5668581218656894e-05
0.0
0.0
0.0
0.03255895435916435
1.351132190087485e-05
4.3634029092421854e-05
