8.302990530976046e-05
5.199615525781219e-05
0.0
6.168694149109729e-05
4.132947953923232e-05
0.00010625990567180529
0.00012063996203097334
0.00018903283996697884
1.3782955578979293e-05
0.0
0.00019705699154181177
0.00016276277989721527
9.075898311888785e-05
6.272144893881556e-05
0.00013393583966406686
7.960085334399962e-06
0.00018109670103728885
0.00010661369727266864
0.0
3.845554869035042e-05
0.0001876097105854501
0.0001566444955351056
8.863607393038998e-06
6.995872335248888e-05
0.00010568004975443158
0.0001896128400225366
4.745213476908915e-05
0.00013368001970472297
1.8804347101561684e-05
3.98128731987755e-05
8.338462313798038e-05
9.46137989967145e-06
6.487101299976425e-05
0.00015408335196596384
0.00019015741911563875
0.0001250553672935896
0.00014055234554723262
0.00015804602334902154
0.00016351370634839075
4.610332956900216e-06
0.00015138892614370217
0.00011647652404780485
0.00010588820818421588
1.0460810436638158e-05
0.00017998937565693796
0.0
1.2368774019674752e-05
4.9954759470481096e-05
0.00019316791930894017
0.0
0.0
0.0001195720380264121
0.00012126065475538607
0.0
1.94919813100315e-05
4.559774482162411e-05
7.860187854296131e-05
6.636964395190025e-05
1.2886342443422892e-05
6.571559883742029e-05
6.0675787414513005e-05
0.0
0.0
0.00012544100114195215
6.235773689099319e-06
5.449830410814988e-05
0.0
0.00015193263411892035
0.00016461626732425672
1.9256821098618156e-06
0.0
0.00017560317094682498
0.00019331608746256016
0.00010907076099801024
0.0
0.00011729619064058548
0.00017843941504454915
9.633954028955207e-07
0.00011794570019548044
6.755712446753261e-05
8.811817013282552e-05
0.00017080014542664198
0.0
3.826251855458859e-05
4.490463465484619e-05
0.00010720483523210184
3.134358443019416e-05
2.2949563708235462e-05
0.0
0.00017275575899699806
5.328469466657107e-05
0.00018453325318400018
4.3127452417358766e-05
6.433633967796665e-06
0.00014389318580035934
1.0216448970126603e-05
0.00017992574137486888
7.664850034312959e-05
0.0
4.77990201087364e-05
0.00016299777762584673
0.0
0.0001647009866215471
0.0
0.00018247191825484894
2.730364157322153e-05
0.0
2.262899929261816e-07
8.103381432083487e-05
0.00017917069464836407
0.00019191802552838284
0.00013389894864149828
0.00014007306811395095
6.083963863686658e-06
0.0001745844138818011
0.00012189972113850184
0.00013747844298273102
3.992718353319244e-05
0.00015560941348231395
0.00011710115159237181
8.81682772717892e-06
3.6830408285046835e-05
0.00017525505077079474
0.0001816388541716295
5.01403951835985e-05
5.885420050406772e-05
0.00017552856504936642
1.7344859760502e-05
7.725177137312371e-05
0.0001520741131512106
0.0
0.0
0.00019112387605360045
1.1935412444381277e-05
0.00010019310002135228
0.00014133943375220487
0.0
0.0
0.00010881192460035345
0.0
0.00012710129493709725
0.0001554374079878158
0.0
0.0
0.0
0.0001679854023078594
0.00011845892630387892
0.00015142928117098893
0.0
0.00016255468467321775
0.0001833975779994523
0.00018114375782333694
1.2850255817775487e-05
9.821417941055248e-06
7.827611401692786e-05
2.805161906745869e-05
0.00013776923667264507
0.00018733240580539028
6.156880489214403e-05
8.16523227289181e-06
0.0
0.0
0.00015025435997039778
0.00010437092297935533
0.00017684798672334463
0.0001192641390304239
6.911536723400833e-05
2.9211335017454715e-05
3.7452333623480276e-05
0.10140917369561073
1.4690548972261142e-05
0.0
3.504624829664434e-05
4.0952734311533e-05
0.0001281760239274249
4.5802826256528894e-05
0.0
0.00010686630377624303
9.282533812889922e-05
2.1302046020642094e-05
0.00013968148939116806
0.0
5.2880052390272e-05
0.0001264606823385152
0.0
0.00014957170234248282
4.2370217236598145e-05
4.269226492889267e-05
0.00010990588555764485
0.00016056881565684766
0.00015866478295888093
0.0001492748311947584
0.00016561289172123265
8.643395776729183e-05
6.041463469729777e-05
5.273397621561455e-05
0.0001787835931251221
0.00019619811839643816
0.00011164864128582117
0.0
0.00017131443621782975
1.421558328000464e-05
6.796531934538898e-05
3.441646924923736e-05
8.425693813910987e-05
7.400719310121657e-05
0.00016089704343021002
3.2045469530042534e-05
2.0436624593726168e-05
0.0001540714133872177
5.0807455351046836e-05
0.00012785312761191416
0.0001167053372444933
0.00012904311032627873
6.99275695735435e-05
0.0001222794728054517
8.681029036969868e-05
0.0
0.0
0.00011976218489485744
0.00015093165278616758
0.0001755148626446157
0.00018708961884816196
0.0
6.1303722934963e-05
0.0001034307340971539
3.5122825221582576e-05
0.0001834530207011485
0.0001728095514040327
0.00010063343673177504
0.00019324933129897447
7.234247307761486e-05
0.00010591404816249437
0.00011190789782022067
0.0
0.00017546090962933052
0.00013179432855510353
5.778057602653752e-05
3.5360330082038444e-05
0.00017707189096142134
0.00017992992637436223
0.0
2.370488158996345e-05
0.00017631822852094058
0.00015425114597100367
8.666667192198302e-05
0.0001681930856284638
0.00012410710791283712
0.0
8.926020856831153e-05
5.78917091696514e-05
4.17559339928281e-05
5.164610013726298e-05
0.0001294831073882465
0.00018694891834098966
0.00011573524043291779
0.0
1.0369275161110848e-05
0.00015781406734625874
7.862858631937288e-06
0.0
4.963463328872445e-05
0.0
0.00013998051686892093
0.0
0.0
0.0
0.0
0.0
7.874388161726858e-05
0.0
0.0
0.00011405559319564612
0.00014423317232189914
0.0
0.00010175096980992932
0.10140917369561073
9.762594078094658e-05
0.00011373154969292604
0.00013605040604751343
0.0
6.944761945423144e-06
0.00016020342108987725
0.0
0.0
7.07704793775925e-05
0.0001544020356570348
0.00015232261070215826
3.7977387986818264e-06
1.313266596099247e-05
0.00018080409935287436
0.0
0.0
0.10140917369561073
0.00015764596904476198
6.982123416384232e-05
1.0413233544907036e-05
0.0
0.0
0.0
0.0
1.5831804128443006e-05
0.00016251153774071603
4.74973480583693e-06
0.00018084814467151213
0.00015377526160134544
0.00017537279677698182
0.00010933003151983856
1.878882532739832e-05
6.3469557699478e-05
7.466883505376292e-05
0.00010786016412753439
1.1819967288271975e-05
0.0
0.0
7.117196276721243e-05
4.294638838517825e-05
0.00016483474849623164
4.803188608094003e-05
0.0
0.00011173382148351832
0.0001738128207660731
1.998824031661944e-05
5.500415909442552e-05
0.0001527567479247336
0.00017349265648069728
0.0
0.0001387603815386956
0.00014059316304410068
0.0
0.00011564820900346589
6.831595831634422e-05
4.849689697591137e-05
0.0
0.0
0.0001639204572596057
3.863637726126807e-05
0.00011552377711458695
2.7219477419062608e-05
5.354535464539107e-06
0.0001440919123392928
0.0001867904069908757
0.00011368304141183688
0.00011464994222642849
0.00010291618061468917
2.665113285895106e-05
0.0
0.00015785887765516562
9.214557896817906e-05
8.413934993121214e-05
7.270223371562198e-05
0.0
6.169562833225655e-06
0.00014413321702315196
0.0
0.0001781732734637373
0.00010113943670690361
3.326521850838565e-05
7.67179429001657e-05
0.00016690952051315046
7.097642036251306e-05
3.3116510128843145e-05
0.00013088752471340312
0.0
0.00018631045097092957
5.043275848252986e-05
0.0
5.60850623887612e-05
1.2864545225579997e-05
0.00010184020907866233
2.4184576273131564e-05
0.00013463454558417597
5.119515135824123e-05
0.0001603507403229345
8.990326116327228e-05
9.517908911449664e-05
0.0
0.00012092504701127614
0.00019244029128273293
8.633428429178898e-05
0.00017216767221538937
0.0
0.0001801975047537321
3.2567096625261816e-05
3.530484042958591e-05
0.00014582081314861055
0.00011064506214913682
0.00018240483461095624
9.117251427698905e-05
3.0461976961992332e-05
7.46374105533324e-05
2.616468267907157e-05
1.5321120529075853e-05
4.942934844145582e-05
7.445594213359017e-05
0.0
8.56688607967999e-05
0.0001543493023050183
0.00019215221722632911
0.0001782579839030503
0.0
0.0001706141690180074
0.0
9.296378250716112e-05
0.00016754254000570719
0.0001876149582373018
3.245703996866779e-05
0.00015803867895035733
8.83884430934677e-05
0.0
1.937005235159991e-05
0.00010011043271230497
0.0
0.0
1.5051392559882864e-05
0.00012886041184755854
0.00012976548399827362
0.0
0.0001854805447896459
2.432230025624554e-05
0.0001374328919339787
7.680951842212106e-05
1.1994706202407017e-05
0.0
0.10140917369561073
1.6958045633473917e-05
6.807311309071503e-05
0.0
0.0
0.0
7.891360994841333e-05
0.10140917369561073
0.00017625876739981353
0.00014308533291386693
4.573243648687086e-05
8.870082350030762e-05
0.00015591407250121673
0.000107799634687377
0.00019063691631651986
0.0001719178432297379
1.733657862344441e-05
0.0
5.428810812893687e-05
3.6596735756939654e-05
0.00018967444795421382
0.0
0.00017556412416029697
3.948172660313567e-05
7.64741478374286e-05
7.592578814891273e-05
2.4904178967663918e-05
8.318520278629006e-05
0.0001503902082550885
0.00017784590215661305
0.0
4.001503883584445e-05
0.0001369405921315541
0.0001462231077352344
0.0
0.00012855336440549368
8.855933460148655e-05
0.00011064469625529793
0.00016065845450193565
0.0
0.00010220517487805603
0.00013586206829901672
2.1312407443526203e-05
0.00015578581094336639
0.10140917369561073
0.00016464772995686448
0.00019365849902668993
0.0001200124128699163
9.886274677017543e-05
6.179456174636489e-05
0.10140917369561073
4.913348685719063e-05
0.00011479109377220805
0.00013534614620645284
0.00015352605807241582
0.0001145766465325231
0.0
9.299494267389634e-05
0.00013472488924035935
0.0001884607364136422
0.0
0.0001128200426643044
5.310928003557012e-05
0.0
9.750465875651129e-05
8.730029976571973e-05
0.00018368074074963083
2.0067220346905564e-05
0.00016047904631582072
0.00011494523481317343
3.2850003415790375e-07
0.00013584436981270925
6.897716834998173e-05
0.00019838137553856088
7.87387447523655e-05
3.7611156978699424e-05
6.553431670148454e-05
0.0
4.773351923915295e-05
6.467203351128132e-05
1.5864787827474315e-05
0.0001511900361682416
0.0
0.00018480378642875427
6.845826953846377e-05
0.00011127147825479563
0.000115890388278203
0.00015509683191540873
6.755512841942082e-05
0.00010014752347723933
0.00014643897914633653
0.00013922664645179384
0.00010270962712766243
0.0
0.0
5.335461514177957e-05
8.884084135912321e-05
3.9789528647558795e-05
7.913260434391782e-05
5.6417309579521576e-05
0.0
8.783338694444893e-05
0.00011568580490036374
0.0001401778327528968
0.00011550438781291207
3.7643510253646524e-05
0.0001720105476890041
0.00016345430480683946
9.385413048167225e-05
0.0001519198722982781
0.0
0.00015667801436265144
0.00013344524196508587
0.00011516262672135398
0.00019994515519420223
0.0001689445855838354
0.0001850472010651763
4.0480366648649825e-06
7.170102294467861e-05
1.835282739603029e-05
6.805038739386245e-05
0.00019638165498016977
1.449243995730737e-06
9.634974114084219e-05
0.00017351304642737673
0.00015686741781392242
1.6048346698126438e-05
9.997903511293614e-05
0.0
0.00013403258320696752
0.0
7.045943457903617e-05
0.00018193989893009867
8.853730480071217e-05
2.892127347909869e-05
4.0889036749573315e-05
1.2312994265891698e-05
8.221237234990092e-05
2.477152137168266e-05
0.00011662127072521057
0.00015690461247685304
9.156974275350175e-05
0.0
0.00016916449969774162
0.0
0.00015564580028466272
0.0
0.0
6.147097952149849e-05
0.0001804933720281051
0.00010281254632484327
5.3860298126359993e-05
5.484655650204423e-05
0.0
0.00010685495269105539
0.00019246732974496184
5.847497314950361e-05
5.460001298821459e-06
7.857265233320749e-05
4.187181605753867e-05
0.00010348391071869803
4.554929941395863e-06
5.073038958200796e-05
0.00016474471255873427
9.50006581953982e-05
0.00020037486475724673
0.00010513707026201644
6.755184276872826e-05
0.00013202887020630078
0.00014323564085832644
2.267528882196748e-05
0.00017263033173237153
0.00011801454830082099
6.708046470998626e-05
0.0
0.00015970224896217304
0.00011561216814310266
6.723260000079442e-05
0.0001516843972795958
3.794816743043049e-05
9.425687801095505e-05
0.00012471532836267704
5.461381133468904e-05
0.00019557500899623247
9.822717325781292e-05
5.087559288488105e-05
5.5191415025950734e-05
0.00016695175033827763
0.00017710791135915218
0.00015570108479292722
0.00010179188644545112
4.797734292767111e-05
5.696275198483706e-05
0.00011657502248966297
8.030058646904867e-05
2.8642338979172864e-05
0.00011922473528218791
0.00015564073697391277
0.00012675641936774553
9.838564337422641e-05
0.00011777361866979669
0.10140917369561073
0.0001425130852587427
0.00011141331357909596
0.0001503500855624477
5.593451847933929e-06
8.816681115351443e-05
0.00017828945516209442
0.00018017505547248492
0.00017405252739660228
0.00013212018579466958
0.00011649300601924407
9.110637373271312e-05
0.0001174476516055605
3.3930309371883636e-05
5.9077168086329005e-05
0.00011085502592293622
0.00015335192675938213
0.00011561113218619794
0.0
4.0670936367267586e-05
0.0
0.00014082416173211154
7.63704347678468e-05
0.00016681330411250333
9.766451404857087e-05
0.0
0.00013380394519389304
9.4230245951016e-05
8.060328769748209e-05
1.312909063835439e-07
0.00018859427603795748
8.618836702911238e-05
3.602703613837511e-05
0.00014288134201320088
4.2211063404255024e-05
7.564317902273938e-05
8.294915425910649e-05
0.00012478156539760132
0.00016841258342868825
0.0001071268526928152
0.00017095635963582922
7.073682918074718e-05
0.0001407809941743637
4.0036394676790775e-05
0.000131451301005972
0.0001090377278261009
0.00017908593477519832
0.00017844435051969423
7.069949565674661e-05
0.00010999385666480715
0.0
0.00017093859063051158
0.00017048462209949279
0.000144981018724258
8.909576394225833e-05
6.445326996178535e-05
6.313654397746161e-05
1.604221727317737e-05
0.00019096923655375698
0.00012515077499696114
1.196938801795761e-05
0.00013670550285304416
0.0001862728785246314
6.997731370046672e-05
9.832794443749136e-05
2.6191458710423057e-05
8.237751603057996e-05
9.74537953249215e-05
0.00010008345161129793
0.0
0.0001774243855261724
0.00011108951717110711
1.07427223219214e-05
1.2929434765377306e-05
0.00011986083581807771
3.199128656282462e-05
7.813823656699698e-05
0.0
4.688486596221015e-05
0.00011685028339839052
6.47853687402717e-05
0.0
0.00015404800121445784
0.0001629803165805692
9.026472213060746e-05
3.9969057638504304e-05
0.00015000183103698104
2.098842897142068e-05
0.00010008914544974383
0.0001713484766188027
0.0
0.00019021395599211832
0.00019007359917890766
0.00010583817416444702
0.00016789202021413256
5.546983562950531e-05
9.454080829100332e-06
0.00011707553360490473
8.724723201274918e-06
6.931437462706633e-05
0.00010278469226251605
8.803469348206561e-05
4.865665230064331e-05
9.00131796043276e-05
0.0001872461875394502
0.00017250832216143976
6.1823580554068e-05
0.000137680066366441
9.26647236057561e-05
0.0001637998130898553
2.5009475667559527e-05
0.0001270570573081704
0.0001242432926715773
8.687699175268418e-05
0.0
0.00018986417403140318
5.740527590509297e-05
1.0681367271521526e-05
4.262556860514865e-05
0.0001584194674674804
6.359006601902766e-06
0.00011633804922741094
1.5587445922663942e-05
1.2841220348666626e-05
9.04476405992538e-05
3.279316550854238e-05
4.8922281481685125e-05
0.00015384635951900283
0.0
0.00019903538464753495
0.00012992179551460207
2.9528539586807394e-05
0.00010184956861226073
4.764229074078111e-05
5.444033192685243e-05
6.710544901333991e-06
2.2269078057065694e-05
0.00013539675317656206
0.00010986020381388367
6.791742158898336e-05
0.0001605117824981839
0.0001441093576439152
0.00015236884141083147
0.00012973207710041497
7.6849346789277e-05
2.2892077285136275e-05
9.768629993010675e-05
0.00011174175984578323
0.00019095266891488253
6.074395533310587e-05
4.4221981244365e-05
4.6682068500607975e-05
7.280454961576332e-05
5.133018990140686e-05
7.309314717340938e-05
7.553811430830198e-05
0.0001704603130047777
1.212893649298906e-05
0.00019968959414080884
2.3766628232023666e-05
0.0
0.00013418462102780606
0.00019222733487055178
0.0001266136429992289
0.00013788542243695128
0.00016980546124626994
6.351423340441159e-05
0.0
0.00012475560526117253
5.0057633159224015e-06
3.694950525218129e-05
0.00012637728774697656
0.0001914089586150479
0.00016395032667666795
0.0001845929154086681
0.00019185221129240936
8.142137696308316e-05
1.455469499254189e-05
0.00014953657172922605
0.00014139379252122686
0.0001714259677528474
9.09030866132961e-05
4.555137652251976e-06
0.00016328383620372317
0.0001045089964658436
3.211046994506928e-05
0.00013192622908498946
0.0001572120750458488
6.305412393967544e-05
0.00010807831163083666
0.00014716570730950553
0.00010869483862325432
0.00019566454558361227
6.307675508525869e-05
0.00010907255761551911
4.6049599123746415e-05
8.562605070239921e-06
0.00012722010188206666
0.00019411013302378732
0.00010260789706322862
0.0
5.9363897062234e-05
0.00012989304955212554
6.226002734365366e-05
0.0
2.833731227223513e-05
6.879384298749844e-05
0.0001635723278892585
8.434819017890616e-05
2.4772864966292048e-05
9.421659957957976e-05
3.9557644716240695e-05
0.00013869420223881085
4.96623427583059e-07
0.00017316051121307822
0.0
9.978968190379919e-05
0.0
0.00013607211602825457
0.0001802396559462425
1.539240048377782e-05
0.00017319936084410107
0.0
0.00015928860513030312
8.215490976038431e-05
0.0
3.2757396826862506e-05
0.0
3.6028855590598486e-05
0.00014235058262798873
0.0001855892365203535
0.00014221483115145134
0.00018813459257992319
1.155177740315661e-05
1.2657284443304145e-05
0.0
0.00012423734732169763
6.388836146336124e-06
0.00019926345686864654
6.309242106300618e-05
0.00019251874132316082
0.0001927755371819272
0.0
3.725807514777646e-05
0.00019783288733765753
0.00016808969481716773
3.7992264294513376e-05
2.9584077580298695e-05
0.00011418196686243327
0.00013383138744199767
0.00013136487049617034
5.190772179983734e-05
0.0001644181955544071
6.835483640259046e-05
6.647850381134229e-05
0.00018231764143371805
0.00012143899459422044
2.0593603567382154e-05
0.00010908006147544144
0.00016104794310158271
0.00014056158650770003
2.931306808662872e-05
0.00015774293432830767
9.796321312183143e-05
4.696821123026671e-05
4.789196575858577e-06
1.5509191984504253e-05
0.00013088094562629541
9.316132404629931e-05
0.00013068728649444288
0.0
1.5130767496577166e-05
0.00013648716599606322
3.735048949866118e-05
0.0
0.00017865198845054735
0.00016335255632408534
0.0001367925930153679
0.00010886588866398545
0.0
0.00014014614785781349
0.00012626550771111975
3.9205698745155014e-05
0.00012646037739613412
1.009008105674236e-05
4.340508222494749e-05
0.0001842842001862995
0.00012145190444987296
0.0001318454418237355
0.00011455213081280844
0.00011730638539045019
0.00012306834760184043
2.781333379120273e-05
0.00016902218038703087
9.732143712489798e-05
5.7966267047374875e-05
0.0
0.00011091359516135827
9.959437505089115e-05
0.00018847595120613297
5.38354384679664e-05
9.381013648752924e-05
7.497466410408901e-05
0.00017932963384982193
0.00011474909171568554
0.00018508870413752194
8.37220231808608e-06
6.50663833009663e-05
0.0001684178037874356
0.00018247421809026375
0.0
0.0
6.746480120297943e-05
8.511816367993624e-05
0.00012927575788471436
0.0
0.0
1.6677548802159976e-05
0.00014739782547989555
5.4365646181642596e-05
0.10140917369561073
5.804746636586535e-05
1.9903848101665447e-06
6.942723333226406e-05
0.00015284297083297788
2.5982278402418655e-05
4.965061938649654e-06
0.0
0.00011176237804440689
7.1112596259734e-05
8.261490055946925e-05
0.00012434532984049345
0.00010504932165562552
0.00011789395218180137
8.951370204592288e-07
9.754552757236279e-05
0.00010410724333103551
9.046243889615696e-05
0.0001435217254621982
3.376270764355534e-05
4.811570494131331e-05
0.0
0.00011385640643104296
6.148791713916538e-05
0.00012540275764637212
0.00010468717441558219
6.671375357230228e-05
6.178153677957468e-06
4.149859115991188e-05
6.759365351764443e-05
0.0001912131757948782
3.568106223085643e-05
0.0
1.3617550201473936e-06
0.0
8.899918161268245e-05
0.0001493686231385917
0.0001859482524864423
0.0
9.227091073283524e-05
0.00015194750971142643
3.234143783428699e-05
0.00010211580207258964
0.00011674842094050706
4.950949023921189e-05
2.9541248105895194e-05
6.0349725830130084e-05
0.00010755956420658307
0.00016743033751422427
7.356872938229231e-05
0.00012586251215618332
8.079979006608678e-05
0.0
0.00012330721695975207
0.00011638623334287759
0.00010021324796459907
0.0001335650358089904
0.00014466879408061252
4.841541170061168e-05
8.774885060525403e-05
0.00010932059031342891
0.00017773306945081133
0.00016433114772659147
7.876620287270175e-05
1.7849599426503105e-05
0.00011926610335240149
0.00019299897073676368
0.00019237843215942377
4.660129784401069e-05
3.429447622692327e-05
0.0001494552978192474
1.3253858690672873e-05
1.4457515622089053e-05
