1.3996777715775296e-07
8.825787986716499e-06
0.0
7.306381286419232e-06
9.095650776143337e-06
7.547562576422451e-06
4.829554037214939e-06
7.577048505750356e-06
6.16668819546102e-06
8.086852438495522e-06
1.1128859567321515e-05
1.0116536741149006e-05
2.871052330270563e-06
7.618560407695999e-06
5.822490883052768e-06
9.184287422113996e-06
7.692275567925292e-06
0.0
2.4261260757736377e-06
0.0
1.0526023483607798e-05
1.0882566005519773e-05
7.989048938222994e-06
4.273254622699283e-06
3.9529241431598045e-06
1.5983379442895102e-06
2.650164613222635e-06
1.093995005101622e-05
0.0
4.794456457137885e-07
1.105523143721185e-05
9.464280250485083e-06
7.208790188493949e-06
6.0028452793599144e-06
8.90738243859802e-06
5.899265701837948e-07
6.931295624512121e-06
0.0
1.4577884128795693e-07
1.0135697221242015e-06
6.223422888810101e-06
6.313653588627965e-07
0.0
7.980499038103838e-06
1.8181764796169821e-06
2.386902210981167e-06
1.004469646325878e-05
3.954736750348673e-06
9.762395518267447e-06
0.0
0.0
1.046117199829954e-05
9.171860951178779e-06
5.898652709020483e-06
4.967385465938019e-06
3.5961295394586153e-06
2.5126475382275256e-07
2.7164244547994593e-09
1.0417327608203227e-05
9.224710748487216e-07
1.1103519358841241e-06
5.923392373093476e-06
1.0625185047247877e-05
6.0236643590855194e-06
7.849330565427133e-06
3.680941470977471e-06
2.4182528856829134e-06
9.35542210027422e-06
7.265753304662686e-06
1.0466227722432651e-05
0.0
1.1548136114482457e-06
7.748439443596317e-06
1.3387055191070597e-06
8.381313772390658e-06
6.4247611213709816e-06
4.435002372405457e-06
6.912268802499542e-06
7.817558398815392e-06
0.0
6.173336850661463e-06
0.0
4.453523216624245e-06
3.6945815483086594e-06
5.0491697427963054e-06
5.24478970923721e-06
8.485948787047357e-06
9.7815366517736e-06
2.0745591748681994e-06
9.26885827414486e-06
0.0
0.0
1.0825403509954652e-05
2.777028594183372e-06
0.0
5.795142147491424e-06
1.0109956492677948e-05
9.000440771378985e-06
6.545862123362925e-06
3.150512839708501e-06
2.9229373807007843e-06
2.133755346932619e-06
8.808410040715674e-06
7.356372231102331e-06
1.9156273103999233e-06
1.0638857820590203e-05
0.0
6.985763469039628e-06
4.3847861697958764e-06
1.0915921704784737e-05
1.0129524703978345e-05
5.813350513658037e-06
3.7300676962521975e-06
1.0426601131585642e-05
3.271313616663959e-06
2.1253378942821787e-06
0.0
6.473235140179338e-07
1.0223173335077183e-05
6.384812959079779e-06
0.0
3.0436595271388533e-06
2.5580162116796422e-06
5.305065824257279e-06
1.6337900383973836e-06
1.4444703551921476e-06
1.111128594945825e-05
3.2110751952116845e-06
5.9774418724289e-06
9.896651261308847e-06
0.0
1.1047245265516202e-05
4.18999752948281e-06
0.0
9.96348713505787e-06
4.088213443536732e-06
8.440624512131655e-06
6.984578461156124e-06
6.795949898380049e-06
3.1540917601106026e-07
6.368276342303444e-06
4.41849284371966e-06
3.6281341759420294e-06
3.3058525963698726e-06
2.629481679653562e-06
9.617865645657296e-06
0.0
7.1288197484199355e-06
8.64966506139712e-06
4.7333598762263394e-07
0.0286632763366986
1.0099479106565683e-06
6.542338296265165e-06
3.534734406709212e-07
0.0286632763366986
0.0
2.4084125727740233e-06
0.0
0.0
1.0340150054906974e-05
2.833730555280683e-06
1.8824540122567503e-06
2.277731093048253e-06
2.9637401320342523e-06
5.2101267713605075e-06
1.8779934328300084e-06
9.589383120456894e-06
9.270525018455917e-06
5.537999839757966e-06
2.3542945470879164e-06
7.409420248183675e-06
0.0
7.057952474082253e-06
7.113718075484406e-06
0.0
9.732746743985143e-06
7.473835392037626e-06
3.346120237728895e-06
8.310935032967128e-06
3.368655909118615e-06
1.493533217090893e-06
4.299922746933511e-06
1.0769626833217922e-05
5.513794940238695e-06
7.846519606356559e-06
1.0189238506761565e-05
2.940560706880225e-06
1.0051393547043641e-05
9.787163006977251e-06
6.315423261597849e-06
5.2013531670580725e-06
4.26577657421733e-06
1.0382689784688217e-05
7.774453548814825e-06
4.359650858264751e-06
5.976994738679698e-07
0.0
1.0690906758189238e-05
1.1088055416357503e-06
7.180399150843107e-06
0.0
4.236374952525559e-06
8.695411605719023e-07
9.870853460737526e-06
1.0910547071310042e-05
7.844224074599512e-06
2.3790482062630767e-06
0.0
6.899764788249279e-06
6.182532471883564e-06
0.0
1.412891680804591e-06
3.4016338086967502e-06
6.680837901093703e-06
6.272650212535095e-06
9.878209824528293e-07
7.641619732701961e-07
9.971381103649865e-06
1.0716471289649637e-05
1.7021972314836969e-06
9.09944166686979e-06
9.808333702244543e-06
6.331833800097125e-06
0.0
1.5873633826334205e-06
6.750411730941564e-06
2.0033553768451437e-06
2.465847337194222e-06
1.2514188022413472e-06
7.5555617035782455e-06
2.3656289475451986e-06
8.086933466405691e-06
5.693452407539794e-06
5.172719183279452e-06
2.807311043239302e-06
6.6945170753848945e-06
1.0408742878442766e-05
8.501177165345849e-07
1.3435047043427168e-06
3.310987416050719e-06
1.0392556860623908e-05
2.202500071146642e-06
5.637530893729538e-06
6.670936012958076e-08
2.162997139706867e-06
8.073928310872844e-06
6.122991025338474e-06
5.123023170653061e-06
9.07179266072423e-06
1.970024179808969e-06
1.0974763929420395e-05
0.0286632763366986
6.29905402873634e-06
8.721210416059595e-06
7.54626416695077e-06
0.0
2.4881473597010937e-06
7.392552477245752e-06
0.0
4.993073103830703e-06
0.0
6.2343549720537295e-06
4.979572922141668e-07
8.62485698838638e-06
0.0
7.664300747568584e-06
4.885005778490659e-06
6.037305009973341e-06
6.505069018152054e-06
1.098768164928891e-05
3.3215390050976314e-06
2.046574727190089e-06
3.0139274967008874e-06
7.046631211288523e-06
1.1145198043366822e-05
1.0997982657419527e-05
6.871330994766534e-06
1.7527872024984336e-07
0.0
5.68942909861948e-06
1.5792647691316258e-06
2.805717723955368e-06
1.055714178855074e-05
7.886711702901272e-06
0.0
7.068134513874095e-06
1.8281820887212375e-06
1.034405229624001e-05
9.419586084868138e-06
1.23399937421324e-06
7.32871030008614e-06
0.0
3.986114304745912e-07
3.273043467692642e-06
1.0681423536603975e-05
5.1265824491314345e-06
2.239168188517764e-06
1.928256192902831e-08
2.4438724285032747e-06
0.0286632763366986
8.622980145875108e-06
4.194302491718362e-06
7.834024998864137e-06
6.8885461657310435e-06
2.2820575551710786e-06
9.299375158726601e-06
3.638869937442243e-06
0.0
7.898738027318647e-06
6.198429679016367e-06
9.053144363395586e-06
3.1919739927929836e-06
8.347236391255988e-06
6.412685845473315e-06
8.768602682490604e-06
4.865344429942124e-06
0.0
6.955483699880248e-06
1.369976430182254e-06
4.029378664290142e-06
9.769502934538297e-06
0.0
7.308099931471665e-06
0.0
0.0
2.7603943033192015e-06
0.0
4.266282589941909e-06
8.313765416920036e-06
5.824513911189517e-06
4.4596394779426464e-06
3.2211927306623983e-06
5.2710308025041216e-06
2.573961724137047e-06
2.1150235450718973e-06
5.1053571821465835e-06
6.7646281480949545e-06
8.055110806499626e-06
8.621091770183535e-07
0.0
0.0
6.254618809352451e-06
2.3855025035064356e-07
6.591351672992497e-06
3.631086328629763e-06
3.6215131448266646e-06
1.0799945475588937e-05
8.883618523079742e-06
3.465049333874391e-06
9.585269651573113e-07
5.800789777479853e-06
8.505829879237652e-06
9.279647852900487e-06
6.6222465995724325e-06
2.33561109711176e-06
1.0307307374075677e-05
1.0644527946271822e-05
9.980015207612445e-06
7.564845128706707e-06
9.915635084335575e-06
4.2026839466933114e-07
5.146575201832648e-06
6.402139350211646e-06
9.828096184278595e-06
3.919839470735593e-06
3.5392954646395e-06
9.43554953569405e-06
9.496718486989095e-07
1.9988093986204184e-06
8.042611478864235e-07
1.085166956564955e-05
0.0
9.543974994554382e-06
1.0074965239248696e-06
3.012271282315456e-06
1.932871382891246e-06
2.9719074240825244e-06
1.3296893478642524e-06
9.104414639058143e-06
0.0
1.0228630145670291e-05
8.264388408322577e-06
8.89062948663127e-06
8.425662139453133e-06
1.0602642387334612e-05
5.514443512430987e-06
9.094182285512947e-06
6.793166530244257e-06
3.848828761558483e-06
3.2183724695147597e-07
8.014480005942332e-06
8.710415389854617e-06
0.0
9.950142166909951e-06
1.8690164715181745e-06
7.09528672184593e-07
1.9431537474646453e-06
1.0130429253523122e-05
5.688744320109354e-07
8.72456206336166e-06
3.1157441421037424e-06
3.98873139195267e-06
3.025085961660624e-06
1.0487670086410872e-06
5.375011527707548e-07
6.548169402969073e-06
5.685916414390643e-06
8.50105011755381e-06
0.0
0.0
0.0
4.378089288579028e-06
3.095017850817779e-06
0.0
9.658157332644478e-06
8.007256304646043e-06
5.996039511531492e-06
2.573923806181909e-06
8.405894471359175e-06
0.0
7.960049961716642e-06
0.0
3.060158541790502e-06
0.0
3.16225730433736e-06
9.848538466486206e-06
1.7629619763057304e-06
8.080193160357076e-06
2.956068263931311e-07
1.2067768813591078e-06
1.5102059611270745e-06
5.440896765511859e-06
1.7421889743510534e-07
9.191691338981644e-06
2.929560770215619e-06
5.300014702287391e-06
2.344465463196926e-06
1.0654361470102084e-05
7.301929863183053e-06
1.0021381747806255e-05
3.2603473349983857e-07
2.7746282032805513e-06
0.0
7.5164881053088395e-06
9.291019224783134e-06
3.116610108377141e-06
2.729911062274149e-06
0.0
7.4945965540924284e-06
1.0688565931520156e-05
6.776881070550741e-06
8.3585604204664e-06
2.2223188093455478e-06
0.0
1.0290772194295565e-05
8.670528857639776e-06
0.0
1.112547975859657e-05
1.0254780302914153e-05
6.400588278636723e-06
1.6035891475435674e-07
7.522398876227871e-07
1.4276330935125955e-06
0.0
1.0093316061731896e-05
6.526306581794262e-06
5.412907337020717e-07
1.0790016075125304e-05
1.2055504796552342e-06
1.0630835354745275e-05
0.0
1.5929728639697703e-06
2.1407359042867735e-06
8.998386195007227e-06
1.0666546004107958e-05
2.132131619023174e-06
2.593527898996212e-06
2.3997547271814824e-06
6.315862721975833e-06
7.175845430479541e-07
6.035339799818156e-06
7.830950879945407e-06
8.553385846539426e-06
7.6235473448789845e-06
6.271523588662085e-07
3.455412489450649e-06
4.151569611886687e-06
6.820297837374269e-06
5.095369482005343e-06
2.7461749428920307e-06
1.0167156001527093e-05
1.0297023974965813e-05
3.0347641512445183e-06
3.454842469677772e-06
5.411543521993814e-06
6.62982901992163e-06
7.525249890231224e-06
4.617982604765811e-06
7.351775538065724e-06
8.51930738959315e-06
0.0
4.79578540207773e-06
1.82597689961018e-06
7.2560349520367665e-06
2.3875045725516995e-07
3.648149957911278e-06
7.271753829033639e-07
9.796150846172146e-06
1.0399640270123847e-05
3.0306316077795323e-06
2.5616798502095813e-07
7.365642565684246e-06
7.24260201958858e-06
8.017516026233514e-07
5.469051060066398e-06
1.8497286339009956e-06
7.786212842361848e-06
2.4013314085012125e-06
3.345601197202093e-06
8.715694228575154e-07
4.2875158115234485e-06
8.13814694565289e-06
1.0647004149498241e-05
3.631808846637427e-06
1.0130713765288637e-06
7.815468919924126e-06
5.540754769780986e-06
9.01889038970707e-06
3.4663084831970945e-06
2.1939213994116437e-06
2.5148363022881625e-06
0.0
1.0091371754270678e-05
2.4749354696377383e-07
6.2492662659933905e-06
2.8583581601758782e-06
7.538400752150463e-06
7.440607736938055e-06
1.0387079278438402e-05
3.891822460901284e-06
7.191056217657874e-06
8.738272628571267e-06
1.928691888428929e-06
4.902340328602925e-06
9.383532973851301e-06
0.0286632763366986
1.0792644349040293e-05
2.3825134123261013e-06
7.332087373256687e-06
0.0
8.212670051055178e-06
5.843895429312972e-06
1.0040482491094647e-05
4.54608521141631e-06
7.893867633004847e-06
5.885543168832199e-06
1.956428223328443e-06
1.0348531529803119e-05
4.541581459502419e-06
4.0760724875284466e-06
6.526738773377568e-06
0.0
1.0417949574730272e-05
0.0
7.206365705368057e-07
5.403229417531628e-06
8.257058392775875e-06
3.840518135285601e-06
1.0917561801005177e-05
1.6098733377994811e-06
9.761221443471528e-06
5.607061616097819e-06
3.562058424708721e-06
2.3565437694775242e-06
9.895992008548344e-06
9.755587548988294e-06
9.33062257109039e-06
1.1147549982825104e-05
3.1835030194962115e-06
0.0
6.6413820790069494e-06
1.1506581560335686e-06
9.7121694829069e-06
7.797717191027208e-06
7.282983985626016e-06
2.021793509027333e-06
9.902004597881497e-07
3.3036189970566837e-06
7.083715966373459e-06
3.6286037775566954e-06
5.066427116250269e-06
2.5422187002115758e-06
3.5628336397167374e-06
1.0560138991430572e-05
4.578411563130207e-06
6.858269818791049e-06
4.538500476072399e-06
9.97760069937911e-06
1.6026913489008266e-07
1.0998392109366305e-05
9.308627691657879e-06
1.1396911017420899e-06
1.092160591660602e-05
5.660086519747271e-06
6.783538709176001e-06
7.733822633354355e-07
8.17505784385853e-06
7.749404142220981e-07
6.026554135436855e-06
1.0229572911793401e-05
1.118201240848439e-06
6.2021386984868016e-06
4.5643164036495624e-06
1.5923840657315973e-06
7.851247367616013e-06
0.0
8.887360902636342e-07
5.676934308814863e-06
4.458081275562042e-06
1.018616476296886e-05
3.2004618880149306e-06
2.2001265966102295e-06
2.415971564652069e-07
6.807942615320265e-06
3.0131165347594633e-06
2.905669901370161e-07
6.585204887048541e-08
2.2813071158510315e-06
7.173586478025594e-06
9.906814664387288e-06
8.267312258752627e-06
8.266117643132202e-06
8.367097109487001e-06
0.0
9.492835621174611e-06
2.0602859193131445e-06
6.186871570052977e-06
7.92148108257056e-06
8.761735840067074e-06
7.819365775229759e-06
5.336659012141573e-06
6.679329594758316e-06
1.0102143471668054e-05
2.0847784597827883e-06
0.0
3.1936770632460795e-06
1.0013024204550325e-05
4.239691550311038e-06
4.944438048788728e-07
0.0286632763366986
3.851060272641151e-06
6.569411725307336e-06
7.479991358970856e-06
3.1943210353536848e-06
0.0
1.0330768442807102e-05
0.0286632763366986
1.0223210440826701e-05
8.411248328636654e-06
8.813748042303281e-07
0.0
6.2581346215029525e-06
8.263229675968797e-06
4.419013508304408e-06
1.990265142951814e-06
7.441672653705179e-06
5.788568953832596e-06
8.44420463898068e-06
2.3951368302883195e-08
7.2841750315191704e-06
1.0419807327951771e-05
0.0
9.65333900442757e-06
2.355100528190819e-06
9.786716237827112e-06
4.7437681328255905e-06
7.799952912417198e-06
2.7296801762144636e-06
0.0
7.75136029965026e-06
3.258548881798164e-06
3.7170017072523816e-06
0.0
4.354007657703002e-06
8.237241074469624e-06
9.36240072798122e-06
3.180934768212256e-06
1.0019687167258098e-05
0.0
6.06892622017735e-07
1.0399945525050545e-06
2.5076355576320753e-07
6.087327728880715e-06
9.227574266449575e-06
5.08986866835748e-06
5.401888971410184e-06
6.309092062515073e-06
1.0115734052466749e-05
2.1900204912397545e-06
8.651375571696898e-06
0.0
2.090300982487711e-06
1.6327960639617003e-06
0.0
8.881406009304553e-06
1.4318672199254345e-06
0.0
1.0273155226156032e-05
9.897848399073485e-06
0.0
6.678323698946921e-06
8.188425613699837e-06
2.0530593379819683e-06
1.083468751531856e-05
4.476989733609242e-06
7.763424822163616e-07
7.686187295446002e-06
1.8824663307920123e-06
6.738662938974139e-06
1.7668601125926547e-06
0.0
2.8991998820169562e-06
7.69627437995928e-06
2.1111956768316616e-06
1.1023637332851251e-05
6.643030101063599e-06
1.0588411436438151e-05
2.419036495798641e-06
5.782415233561458e-06
9.045137471712147e-06
5.335424275535182e-06
3.910182193209536e-06
1.1147113598112742e-05
1.0678901369611762e-05
0.0
8.667093097222687e-06
0.0
3.9164308978709754e-07
3.3843221489063556e-06
1.0766727259029489e-05
0.0
7.294183652200592e-06
4.146761253579098e-06
8.390438222463218e-06
1.1135800134939893e-05
6.291050488112548e-06
3.431924109468885e-07
8.796724730495079e-06
1.0783486396120585e-05
8.425477342898552e-06
9.171013589510077e-06
7.093554492566112e-06
9.5979802532433e-07
2.9171770022997595e-06
7.596797202401033e-06
2.474557099696305e-06
4.934342788532419e-06
7.775266425927175e-06
0.0
4.6805680675559315e-06
4.410627774158148e-06
4.687061742646528e-06
2.261915633343912e-06
7.1675516605191806e-06
3.952988685449409e-06
8.364729179727392e-06
5.502441408061908e-06
7.753612372825647e-06
5.887374591783561e-06
1.018784537180826e-05
1.2112613970278549e-06
2.761764493764949e-06
1.0946781321126758e-05
7.789883152711121e-06
1.0699686538574424e-05
6.355785866058396e-06
3.346615728595269e-06
9.550975993044925e-07
5.09416725734995e-06
5.938887933020457e-06
0.0
6.38925104102498e-06
2.741563918492598e-06
2.6660085360390063e-06
2.4294040375215933e-06
1.0968451400282673e-05
1.285645499696005e-06
1.6100725541406716e-07
9.359161872250497e-06
3.666586242919561e-06
6.90971376307453e-07
5.435825788115601e-06
2.197909542291235e-06
4.618649879259816e-06
1.7907483055276982e-06
9.612234241768042e-06
1.8843565332920429e-06
3.6510396656950643e-06
0.0
7.057054911994728e-06
7.07679473144701e-06
5.009350404014224e-06
9.366864704727157e-06
9.938180923724673e-06
3.430407074767496e-06
1.0539623381212278e-05
0.0
4.841357760824357e-06
8.699929436965958e-06
1.0536140798126515e-05
0.0
0.0
9.57385451935631e-06
3.4333418849135912e-06
1.3900492189821108e-06
8.942332946753525e-06
7.846042184932909e-06
1.9348759995810329e-07
8.527305094164682e-06
4.866058880280269e-07
5.7119624315837525e-06
1.955749015981745e-06
6.864216885129018e-06
9.96902201965925e-06
4.6192267420397957e-07
6.846354367646955e-06
5.223550831563032e-06
7.826107966599278e-06
6.772933812808049e-06
3.7594773280046973e-06
2.6441075946209984e-06
0.0
5.295633561102742e-06
2.2788725334040738e-06
0.0
0.0
5.68697545398607e-06
6.648409433892356e-06
1.41956039405464e-06
1.7210869498814137e-06
4.899805488233036e-06
4.721449176203857e-06
0.0
9.219118238162987e-06
5.444568559504805e-06
6.827872797035194e-06
7.531497923412746e-06
9.113225152270225e-07
2.564241856135166e-06
5.790534964436163e-06
8.461854012839099e-06
3.380630948860068e-06
1.0303777820061651e-05
1.0118723455527038e-05
0.0
5.060447267610993e-06
3.85633369878704e-06
3.648119875136464e-06
2.019510715285546e-06
9.808949268638689e-06
5.735119346744388e-06
9.936274588138618e-06
1.3970976089709532e-06
1.224378076455243e-06
0.0
1.4235642647555426e-06
1.1117802943096937e-05
1.0409383634899962e-05
4.768890648504025e-06
1.1198477166618694e-05
2.9390371861663587e-06
0.0
1.0187182675789976e-05
9.928306514020926e-07
1.8520352131821502e-06
1.4825716624924778e-06
0.0
2.546833788464419e-06
0.0
8.82929058864251e-06
2.5233960898465175e-06
5.894469803022708e-06
8.611538290370214e-06
5.089614145612435e-07
7.373833550970102e-06
4.268624506885798e-06
1.339967360642376e-06
2.9735546367368386e-07
1.0263676449553058e-05
6.777662479433879e-06
0.0
0.0
3.4138292152755847e-06
9.050102948153103e-06
0.0
9.142720612342606e-06
8.399033111022883e-06
1.4842895894423246e-06
8.212848706778887e-06
6.823887010592758e-06
6.648433694365715e-06
6.920191679067491e-06
4.5705533350749586e-08
2.993718280238569e-07
1.011314602547041e-05
8.547243409207979e-06
5.3560932458018075e-06
0.0
6.4429653111211884e-06
1.4629699055645422e-06
6.641030289717212e-07
8.517847272854053e-06
8.858764709800953e-07
6.3582985192711285e-06
5.177099671915404e-06
6.473135332622676e-06
5.77326567336921e-07
1.1129389998614375e-06
7.138091296878142e-06
0.0
4.600411670532808e-06
8.487940398327672e-06
9.871781214954205e-06
2.7110020932065573e-06
0.0
4.239464251695304e-06
0.0286632763366986
5.689532044234434e-07
1.0786577660075796e-05
8.175435596939345e-06
1.0923769910501596e-05
3.263107012987456e-06
6.673127021733525e-06
8.840851972854431e-06
0.0
4.694859961239128e-06
7.488671689868554e-06
6.819680838096818e-06
7.920508310428802e-06
7.106613212446199e-06
9.359405233784543e-06
8.057270912091952e-06
6.465764017181269e-06
0.0
6.682731378592601e-07
2.000945937190421e-06
5.894388035260395e-07
9.898104863515585e-06
6.426440421102202e-06
5.426744494565201e-06
4.06452471168601e-06
7.915078115131784e-06
8.459873478332185e-06
4.513448210670039e-06
4.7621377346626055e-06
1.0577301486374428e-06
6.383051983015309e-06
4.593156153207083e-06
2.877885818366843e-06
0.0
2.5888381953622475e-06
1.0614416412663095e-05
9.357951512367077e-06
4.275459469177173e-06
3.036743106604956e-06
9.328453470839466e-06
0.0
3.888907593295234e-06
3.417670713658003e-06
9.186609991049408e-06
6.444645757613761e-06
2.43589304516455e-06
6.135224346024188e-06
1.4605978503426251e-06
5.83659650315849e-06
1.0503150254787722e-05
5.095448430673376e-06
6.4811868226305726e-06
4.94427273593806e-06
5.55418421188519e-06
6.821046073634296e-06
1.681153966885383e-06
3.62624057325974e-06
2.2106510890279015e-06
6.202455875971262e-06
8.459920846583256e-06
4.72764154355038e-06
0.0
6.0080265275078455e-06
1.0263079268167867e-05
6.907392974128411e-06
6.035756070833668e-06
0.0
0.0
9.423472650236577e-06
3.7846230242160834e-06
7.512022728542117e-06
4.123547733429275e-06
1.0329743164748011e-05
1.0037914698147834e-05
2.258106847525792e-06
1.0960724014044514e-06
7.64642006026636e-06
4.803240138023807e-06
4.075300532770564e-06
4.792645589868945e-06
1.5305333776567447e-06
4.446678329272494e-06
8.554643074036328e-06
7.371594557993431e-06
1.02312164918602e-05
0.0
1.0587285846783476e-05
1.1040536778524507e-06
0.0
1.699668314832667e-06
6.496452837011267e-06
3.0707489746127823e-06
3.373812640466861e-06
1.8596797729796015e-06
9.555074681707374e-06
9.620612088888493e-06
5.533249828788854e-06
2.258815975147215e-06
1.0421870338851721e-05
7.382952781681001e-06
5.940267593036526e-06
8.64022671855668e-06
6.761137211946997e-06
1.1728279743543694e-06
8.993593039593705e-06
4.3429417913196745e-06
0.0
6.210834438023556e-06
8.64889813330697e-06
4.934799464028541e-06
1.1705380489287126e-06
8.47507220791034e-06
4.126786976121942e-06
6.1123493926904415e-06
5.683392167004179e-06
4.348978634875622e-06
2.254435711493994e-06
9.4249679653182e-06
6.244328103965685e-06
2.06071326832982e-06
7.2269650775107844e-06
6.1595938609252425e-06
9.96738978542848e-06
8.925401022587138e-06
6.060719915415471e-06
2.4016171800579697e-06
1.8124623554665874e-06
4.699182013598493e-06
3.0858243185555585e-07
3.535523744972061e-06
1.870877481205035e-06
6.423838897212043e-06
6.4210279944681125e-06
1.7228502128112332e-06
0.0
7.487916146564345e-07
1.0095828147047448e-05
4.5819973276009975e-06
1.0701696824921168e-05
9.55201034367652e-06
1.2650603049330402e-06
1.0562542370066734e-05
0.0
1.1020096674395705e-05
2.21000766710059e-06
5.24366802828102e-06
9.84483012567003e-06
5.148752700210725e-06
6.859534187349841e-07
5.300339199966293e-06
1.0763284032913858e-05
0.0
0.0
0.0
6.345253669717342e-06
1.0988457377464069e-05
5.06178700596949e-06
6.167956940585812e-06
9.447283947048264e-06
2.1766705112697806e-07
1.0250967946682598e-05
8.010477932479016e-06
4.69791217960356e-06
8.939081577843617e-06
3.0534290944662723e-06
7.678125543301132e-06
0.0
6.0320815780025285e-06
8.838733952133765e-06
0.0286632763366986
0.0
0.0
1.2386460337583413e-06
9.850116795147437e-06
1.5773906353253074e-06
5.4964779229564924e-06
3.7007312546959672e-06
9.111837056603479e-06
3.987834719438926e-06
1.047681828353761e-06
7.386328283886001e-07
4.469325888479467e-06
5.715509856135315e-06
8.073890074269328e-06
5.77883555455126e-06
4.313521909937577e-06
2.947774616145906e-06
0.0
1.0715694962253496e-05
3.796078963270325e-07
1.0084559803498206e-05
1.3325998482284692e-06
1.0831689214051993e-05
8.01650186187062e-06
0.0286632763366986
0.0
7.894177367329051e-06
0.0
4.553487852587947e-07
2.2161555725814304e-06
1.0880345678471445e-06
5.3830789966238565e-06
0.0
3.3673327302551325e-07
2.673640382987477e-06
0.0
0.0
1.1550092857862949e-07
8.120147852086943e-06
9.257093138880971e-06
6.0761822198075675e-06
9.029833578900924e-06
0.0
1.5402654172997145e-06
3.3894086318194694e-06
3.3290689721468252e-06
9.715065195533884e-06
1.0983454714647108e-05
4.6532595457956444e-07
1.739387742076e-06
1.5677318628062485e-06
4.943497956301921e-06
2.139872669663133e-06
8.168930274109915e-06
0.0
4.3724973896769155e-06
6.730736197698658e-06
5.341697445616239e-07
0.0
9.442746209838914e-06
2.0139936747397315e-06
9.97068638915733e-06
1.11291195597146e-05
2.1345387967436667e-06
1.0320664704653525e-05
1.280682680164137e-06
4.1453784609878305e-06
4.110050301332634e-06
4.86123870028669e-06
7.712059394524155e-06
1.1161331842351156e-05
9.882803458570442e-06
2.246894952205731e-06
6.4855797476202175e-06
1.0722829193645804e-05
1.0893923761562685e-05
5.5926532560903756e-06
2.77365486271872e-06
8.639901721962198e-06
3.0765192593184736e-06
3.372974541813153e-06
9.157999144547299e-06
8.810809027690288e-06
3.1886508252808476e-06
0.0
9.657690285915412e-06
5.759350505509358e-06
9.850564337925895e-06
3.791179019593298e-06
8.544458289424723e-06
5.250636190092846e-06
1.0560983471065188e-05
3.955448918921279e-06
0.0
1.0648893060984714e-05
0.0
4.159347407696933e-06
9.675578578085787e-07
2.10843370639899e-06
0.0
9.41106781551908e-06
2.0882703281243283e-06
3.3629480427346563e-06
7.906971013763306e-06
0.0
6.246213044069724e-06
4.019509951655977e-07
9.087700688173257e-06
8.07459251620144e-06
1.1988853807310044e-06
1.8985036619340446e-06
1.2759042643096604e-06
8.754165515482057e-06
1.0291123707122195e-05
8.8425714266488e-06
6.270638779848661e-06
0.0
1.3413862924014149e-06
0.0
1.0261083257033707e-05
8.968913411766138e-06
6.486785507990322e-06
2.063464096699435e-06
8.388062643649196e-06
2.770195985914234e-06
6.349752599922485e-06
0.0
6.579784372841353e-06
8.96518707260894e-06
2.732266699299975e-06
2.43500112508143e-06
8.639163242066316e-06
1.0972880321841258e-05
9.577013437672123e-06
1.0277326680521452e-05
1.0100561930624617e-05
8.522199159752648e-06
8.189551568682994e-06
1.6309548181782548e-06
1.0783686122977313e-05
8.656647936996418e-06
9.804692915766787e-06
2.188661368537869e-06
5.912033996637918e-06
9.715853765455466e-06
0.0
1.2314623125358731e-06
1.015303185316791e-05
1.8891231598684712e-06
4.17658990978008e-06
6.604934224784923e-06
5.592382733686314e-06
1.0298771678767055e-05
6.55387833597443e-06
4.981409310786982e-06
6.325010306653118e-06
1.0813363354760857e-05
3.61851873844515e-06
9.954133321077775e-06
4.6845561507044453e-07
1.0642160507488033e-06
2.665628542358624e-06
2.8663704768169356e-06
2.502639033539022e-07
5.0011105276405076e-08
0.0
0.0
3.5438919044997955e-06
0.0
1.0698882255641751e-05
8.174010004235077e-06
1.3080229534735187e-06
8.208686071821067e-06
7.413001667777503e-06
1.0893839765306212e-05
1.6465159563089216e-07
4.710393297170749e-06
4.812389491172125e-06
1.008278602316299e-05
6.062671735122596e-06
3.014183029776763e-08
9.049698354460805e-06
9.793644203796426e-06
0.0
2.2161814504202053e-06
4.657701964761193e-06
6.316937963247001e-06
9.162449428357482e-06
2.0498114994567071e-07
3.4176177506499613e-06
6.687099647759973e-07
6.835731157405628e-06
0.0
1.1050416232924966e-05
1.9938992780919897e-06
4.738966170813426e-06
4.948033540779547e-06
2.141380152734981e-06
3.7482714727923654e-07
1.0092338489094554e-05
9.19382553615629e-07
6.121246957071153e-06
2.9135701646133545e-06
6.853978251480554e-06
3.866169264853496e-07
8.263719908671273e-06
4.121960072298192e-06
0.0
2.1635561011625887e-07
0.0
1.513962565391164e-06
0.0
1.0890516733340142e-05
5.11244828189242e-07
8.957709529351824e-06
5.872228598677855e-06
1.6917709144194435e-08
2.19611559029757e-06
6.867352259849572e-07
2.850783485607883e-06
4.899775215538953e-06
7.210356793140941e-06
9.64894492614999e-06
4.659135986900409e-06
2.709046337692115e-06
3.2120930235799905e-06
8.203591688073074e-06
2.1037354357385447e-06
7.664948990259054e-06
9.820170436392795e-06
2.3592858862138456e-06
5.715313477661841e-07
1.4324658843682429e-06
5.064517872088988e-06
6.677335114858324e-07
4.941139246838792e-07
8.649506757328166e-06
6.039564881381195e-06
8.856196795703995e-06
1.0326442870271133e-05
7.702357283216147e-06
7.689172759014065e-06
7.863299911647133e-06
0.0
7.639300705029184e-07
7.635710254947238e-06
4.427264822982724e-06
1.0927146665581253e-05
6.258313607008398e-06
6.538804028696247e-06
4.551556995714562e-06
1.533905558346608e-06
4.442842740907774e-06
4.827505637978386e-06
0.0
6.991737180341915e-06
1.110200456250518e-05
1.0731434620570905e-05
0.0
8.940832328724986e-06
1.077933488236945e-05
1.089932201885667e-05
5.1631794602961824e-06
2.7637910882858118e-06
4.8297708776545236e-06
5.223571267219171e-06
1.2697085268601314e-06
5.555604843588583e-06
1.0853657212238687e-05
3.7388005422228414e-06
1.011162260550157e-05
7.843778169060464e-06
2.6067043725235034e-06
5.407591275055321e-06
1.226995947562225e-06
0.0
8.006045941627866e-06
7.558568621419018e-07
0.0
0.0
3.404849837003685e-06
0.0
4.086914771712135e-06
8.072384770771278e-06
6.526831328861269e-06
0.0
1.7724549180142508e-06
7.1714113010192224e-06
0.0286632763366986
4.5539269405082185e-06
2.886940928763505e-06
5.499695626926279e-06
7.250555874123988e-06
2.956506730324231e-06
7.641441504983493e-06
5.934950247269309e-06
1.9764416563216914e-06
1.2700191499035246e-06
2.666682414671357e-06
1.0771029704316789e-07
0.0
6.484152700882773e-06
9.997416673648361e-06
1.569293640020517e-06
1.0349889623147176e-05
1.0298600524879431e-05
3.6683170023930925e-06
9.819528679200936e-06
6.287038924026585e-06
9.796759712256604e-06
3.003202496427184e-06
9.731772908145464e-06
0.0286632763366986
6.0467285708541685e-06
6.956874774041456e-07
8.859002715518182e-06
3.6494283820608157e-06
3.794377103580638e-06
6.524137213749231e-08
6.302035897040935e-06
7.230084976345889e-06
0.0
8.46199692810114e-06
5.09040209168732e-06
5.818013036443735e-07
0.0
3.223517707822105e-06
4.776437213023729e-06
1.4012878130658617e-06
8.403713758454818e-06
0.0
7.793624093426618e-06
3.1958473930320405e-06
5.115958568181095e-06
2.7692842228695624e-06
9.750322684632576e-06
2.04346727625935e-06
4.265571552759928e-06
4.6793152094242e-06
8.147840219077175e-06
7.696024131260059e-06
2.7429719098835184e-06
1.15007299329729e-06
6.715100037933288e-06
6.8883840739207105e-06
2.990574222110971e-07
4.199128717942921e-06
2.6933682652555645e-06
6.792447347044587e-06
6.0057299159983555e-06
6.967038689420937e-06
2.6157187500134757e-06
7.855962113344836e-06
1.046796046481302e-06
7.504612486036837e-06
0.0
1.0487037430314099e-05
1.1208454607190752e-05
5.253004946412834e-06
1.0613838110543428e-05
3.153324007446138e-06
0.0286632763366986
1.0168556067724046e-05
2.752796744096103e-07
5.345508076091121e-06
3.5349234941249595e-06
8.445151847760912e-06
5.414374013296162e-06
5.47541587304266e-06
5.926785892241182e-06
7.677762569196502e-07
2.579736174889857e-07
8.540406110777964e-06
3.8730676080603516e-06
3.854002870211689e-06
5.9760167660422924e-06
7.76787865952657e-06
6.002780211253862e-06
2.706678907681339e-06
7.002867607043726e-06
5.855522261631245e-06
8.568428330355383e-06
5.012334571203754e-06
1.038287071040467e-05
0.0
5.6261231522624e-06
6.562864657088178e-06
2.492161226912492e-06
5.666177449495978e-06
5.948476551814581e-06
4.835680373433702e-07
3.5747767801650644e-06
5.911639995052169e-06
1.5783978087347993e-06
5.8162187669405615e-06
9.932421072775638e-06
8.394855584041989e-06
1.7070788376135262e-06
8.656084759017597e-06
6.9680140308494736e-06
7.788219278888616e-06
0.0
0.0
1.397669776199349e-06
1.6693315894939786e-06
0.0
9.328627870080598e-06
6.274678457812163e-06
1.0461855749267804e-05
8.483454004455107e-06
1.0045556327285711e-05
1.2801510872663556e-06
4.6968477664004386e-06
1.0025108656595936e-05
2.498635616257468e-06
3.842244010917165e-06
1.1205647829422606e-05
4.1507365587689604e-07
6.333010157406095e-06
1.1241578219967002e-06
2.182172008987208e-06
6.0903286530990025e-06
0.0
1.0751406719109902e-06
2.3185824690819296e-06
2.4683662368514e-06
9.828387269138475e-06
6.64716861357098e-06
1.5454691771890805e-07
9.27648835837251e-06
6.462083551427368e-06
0.0
4.762081260630392e-06
6.489517799292575e-06
1.195818030139802e-07
7.691856139212724e-06
4.7980622158171925e-06
0.0
0.0286632763366986
1.3800567065883453e-06
8.205287783650724e-06
1.6961727077076776e-06
2.8416326423567867e-08
6.589787611954981e-06
2.8697887962267775e-06
6.691399018645062e-06
6.867566682436215e-07
2.755137081916016e-06
9.611692981665261e-06
9.362848785253397e-06
6.891484408844278e-06
6.60627078131938e-06
8.186766430983694e-06
2.1201581968364616e-06
0.0
2.8847258158811483e-06
1.1617194421715511e-06
7.904083640596659e-06
8.067433726005946e-06
7.96255456657396e-06
5.928872599238378e-06
3.5786575856641966e-06
8.108392352866245e-07
8.248114621428358e-06
0.0
4.040997818753498e-06
4.260761222491678e-06
8.239456880823124e-06
4.231908759429173e-06
0.0
7.955854995724452e-06
9.8747646611434e-07
9.247366082434426e-06
1.042607435017358e-05
9.84766482381865e-06
4.0780896184307935e-06
0.0
1.3564647946316967e-06
4.917514482792105e-06
7.660540737332211e-06
2.927025807302433e-07
3.990435602116704e-06
1.0521833824574006e-05
9.189079446715443e-06
3.3866539361809486e-06
3.787660073976719e-06
8.501956734448488e-06
5.6837455607345576e-06
7.489820583360006e-06
4.722359851683302e-06
2.7851649133648586e-07
6.459766539069526e-07
5.830234676009032e-06
1.149422356906939e-06
2.234394823188163e-06
7.47767681148518e-06
5.118682589109352e-06
4.436637605137856e-06
0.0
3.4983395275973505e-06
9.474212860877805e-06
4.467789089486026e-06
1.097406905516366e-05
1.2673090181968245e-08
0.0
2.3586778697286394e-06
1.1763703879485237e-06
4.666030523128562e-06
1.1145583753539398e-05
7.386828130291032e-07
4.258255887010971e-06
9.833661541862393e-06
1.0688413322465453e-05
8.254848698438324e-06
0.0
3.141980373050657e-06
4.284153569948076e-06
2.0586691473443764e-06
2.4303803139558666e-06
5.293502199499953e-06
2.9485507647607124e-06
0.0
0.0
8.063626970896757e-06
6.374958161178416e-06
0.0
6.2637107601047194e-06
2.187384642069424e-06
1.0536845811604444e-05
4.026463008910709e-06
1.496486829655102e-06
1.04166241482947e-05
1.7088208551171118e-07
0.0
3.511489924883829e-06
9.82132305633393e-06
5.826473672492765e-06
5.322808268528423e-07
1.955184177011452e-06
6.720207499373465e-06
6.940962330531343e-06
6.268600216927309e-06
0.0
6.85114957096031e-06
7.084721547806994e-06
9.608203180303604e-06
7.934425979518307e-06
6.322096198096468e-06
7.5757904279993655e-06
8.023698407840567e-07
1.0879126984253726e-05
0.0
1.8869513645328814e-06
2.438377234346939e-06
7.58004449416496e-06
6.258801191107212e-06
3.0333910639079667e-06
7.307294960054237e-06
8.35953138688854e-06
6.7064608944443585e-06
1.1257802771563384e-06
2.410845895227566e-06
8.95214822493716e-06
6.798123984522134e-06
4.5601642526545285e-07
3.1897269746228135e-06
9.11454247292468e-06
2.129429374219808e-07
9.921957998566166e-06
1.0326166822680851e-05
9.076923062021515e-06
6.018634912253173e-06
1.5672691071946042e-06
6.489538673832645e-06
3.910340035162189e-06
0.0
4.803163751179346e-07
6.714763257221669e-06
7.267567260676711e-06
7.2232815363299065e-06
1.771719236583902e-06
7.685089110907696e-06
6.757723680926502e-06
9.898002218421834e-07
7.858794110669957e-07
1.964106152834977e-06
1.1002172241366434e-05
2.555873655923841e-06
4.99973890688614e-06
3.338034002402829e-06
0.0
6.100480618897532e-06
4.246377923511059e-06
4.150642906358713e-07
9.451266279543775e-06
1.4354789246997191e-06
2.2055746782056087e-06
5.8092489223698015e-06
0.0
4.96175471148883e-06
0.0
7.563815918902636e-06
4.030459467464895e-06
8.993830334670699e-06
0.0
3.1955786676848183e-06
4.268010868254162e-06
4.572417681543693e-06
1.0144954916939936e-05
2.283704627507931e-07
2.8335484958017187e-06
7.467492715131295e-06
6.810491194294969e-06
3.2091060991305696e-07
3.6118046564061657e-06
4.813584555978358e-06
0.0
8.689337820911818e-06
2.3071942662406097e-07
1.12082948622691e-05
6.251866029108702e-06
0.0
6.183745435516121e-06
1.8120068859289845e-06
3.2048678565032357e-06
3.5762109364518345e-06
5.747805295573395e-07
5.147780380424064e-06
7.614388323827254e-06
1.0578527584809366e-05
5.21678186142995e-06
0.0
1.031692038707471e-05
0.0
7.538340058758804e-06
6.792284333873753e-06
6.735593160124554e-06
7.964666132823847e-06
0.0
8.447127592490209e-06
9.916207507434734e-06
1.6282486065635141e-06
1.1179084407218556e-05
4.59251544033785e-06
9.090875932605777e-06
6.798264811275183e-06
1.0316225178272312e-05
8.296743330186617e-06
4.363574776136315e-06
8.43819884263826e-07
1.08548339533738e-05
5.50314013460068e-06
2.128741389873125e-06
8.97673704002097e-06
2.8223387882615317e-06
1.1777778143056713e-07
6.5333276970255005e-06
1.0934513351924457e-05
1.1157406831401236e-05
3.3498701998568686e-06
2.9011350733477707e-06
7.898491951009997e-06
1.1121287364865058e-06
0.0
1.0845930100887503e-05
1.1041693805127646e-05
7.84201119064132e-06
2.122358822577682e-06
8.282364036865686e-06
1.0624941906562004e-05
4.04753943738998e-06
8.963022195004684e-07
7.675593799172637e-06
5.76158787251205e-06
6.701106370427211e-06
0.0
5.878533548291773e-06
3.3335904893237744e-06
9.618811355278266e-06
9.350039631706203e-06
0.0
7.241263802793525e-06
1.0783685265779729e-05
6.975837998100145e-06
3.7619910054886847e-06
3.5179935367003547e-06
2.3668680000104627e-06
5.236790387625867e-06
4.101615373881922e-06
6.2964987157987574e-06
2.4775522225668966e-06
6.869852252307153e-06
2.916647341476611e-06
0.0
5.484993078968348e-06
0.0
3.4953209159403913e-07
7.5832129864917306e-06
4.233288416823629e-06
0.0
6.62987438420525e-06
6.264581857426429e-06
8.914258496517768e-06
4.273088414953942e-06
4.499083024882593e-06
1.2826908152162524e-06
3.335845735783166e-08
0.0
1.0464839016213652e-05
8.329859894707522e-06
0.0
4.462993479877893e-06
4.6670205759283466e-06
0.0
2.421920060249424e-06
1.9910162479986292e-06
0.0
1.0583578984929292e-05
9.06867393825845e-06
4.876975024989674e-06
0.0
7.574070683139802e-06
9.874974493922249e-06
0.0
2.8465004432178035e-07
7.1174457168379765e-06
9.885111262994123e-06
0.0
0.0
5.398784092634603e-06
1.1011131778772444e-05
8.255859322933523e-06
5.7754957008523295e-06
2.3538392121153937e-07
3.0357214414131134e-06
0.0
0.0
7.809603468395071e-06
1.0814756729310697e-05
1.1005658637796574e-05
2.4508339125254837e-07
6.809592755785324e-06
4.099940159033624e-06
8.864818425407303e-06
9.533337896635321e-07
2.367545642086513e-06
1.7136909349556646e-06
1.1057543436307072e-05
1.0203991299880991e-05
0.0286632763366986
6.553354556927506e-06
9.02854262704661e-06
1.545787230430573e-06
6.15588428202496e-06
1.1198296020605638e-05
0.0
2.2333916347202796e-06
0.0
1.0402341997075638e-06
0.0
6.625723178526829e-06
0.0
8.634292619883308e-06
1.9938612128856682e-06
6.9337306307834925e-06
3.9444803093533505e-06
1.3431829679980569e-06
1.3272702375641158e-06
1.8701403504625333e-06
0.0
9.430692610807036e-06
0.0
1.053433488031116e-06
2.5272609841509365e-06
6.484115394880509e-07
9.902395921516107e-06
0.0
3.3403173434871646e-06
6.431172294089109e-06
0.0286632763366986
7.100530462350781e-06
1.6106270267080754e-06
1.0050732716249913e-05
7.482795113538454e-06
0.0
1.0622210578800693e-05
4.118134005489626e-06
4.388808504583408e-06
1.0697458248153044e-05
0.0
4.0491746443067835e-06
3.6400542182152788e-06
0.0
1.1195000928497791e-05
1.42250838741501e-06
0.0
4.663545931950711e-06
5.121235420586181e-07
1.8868384241688335e-06
8.054757779160255e-06
1.0367032303392189e-05
6.737152428269346e-06
6.818478906842391e-06
1.1143924904935248e-05
3.7161960147462447e-06
6.445771096930111e-06
4.111725897787216e-07
0.0
1.99829353909452e-06
0.0
5.712023017244476e-06
7.822123871669123e-06
9.056047696775348e-06
0.0
1.1011041383351183e-05
7.063899285127999e-06
1.3888737183928972e-06
1.0676688443534218e-05
7.494915256013736e-06
6.266798173744328e-06
5.246350843903591e-06
1.0764793011080378e-05
7.417727481802093e-06
0.0286632763366986
1.580386188558354e-06
8.797878586533601e-06
1.031842202066736e-05
3.930404537379018e-06
1.9033318130186203e-06
1.3337766109130478e-07
8.59613991011961e-06
6.7462694902886995e-06
7.65057642471949e-06
4.231536512101586e-06
1.989440884905871e-06
0.0
1.1145405087525407e-05
6.57342557896439e-06
5.5661328668955725e-06
3.665333101412184e-06
6.462606180083978e-06
8.713564194258735e-06
6.4196464084444095e-06
0.0
0.0
4.22168060358418e-06
5.484870656306562e-06
7.714455953945616e-06
6.997814342616539e-07
2.4353437036115663e-06
3.9063696025250775e-06
9.819818087558195e-06
7.594776791690085e-06
1.978174324515599e-06
2.95953593997772e-06
1.0216171758348663e-05
2.5178419529009614e-06
4.229642919656375e-07
4.661812229104189e-06
3.4222586327585812e-06
7.661506245230528e-06
7.318242437722967e-06
3.1724769301199162e-06
7.81721634949575e-06
4.7966118835243015e-06
9.930448310245548e-06
5.94862038547281e-06
6.358126867253952e-06
4.42285515194946e-06
9.081525752361994e-06
3.27000083966296e-06
9.300840425210112e-07
4.376661030160202e-06
1.826689225277102e-06
2.4140696381714146e-06
6.991984951508369e-06
4.542926027185686e-06
4.536277207366168e-06
0.0
6.88543714546834e-06
1.029444944585053e-05
9.249060574779992e-06
1.3774427257279029e-06
0.0
3.1942276458098754e-06
7.624737896359474e-06
7.990148624004346e-07
4.07202454198205e-06
4.930423236331674e-06
1.3137315845126068e-06
9.717368532629129e-06
8.369897617408925e-06
3.435805930905893e-06
7.73464497496858e-06
2.5967816836102067e-07
4.4531893687454665e-06
4.093473294538839e-06
8.029911440790124e-06
0.0
6.804903306599218e-06
1.096821535199697e-05
3.6553903842173042e-06
1.094919722725701e-05
3.7511298688557547e-06
8.612427966964438e-06
1.0467067065812025e-05
8.840130136216858e-08
5.286390521394573e-06
1.0637632412058812e-05
4.15883340271143e-06
1.0889465668003393e-05
0.0
4.713983531574575e-06
6.224502165629888e-06
7.394361148359765e-06
0.0
4.895393484921496e-06
2.120848125474732e-06
8.647396831379894e-06
5.922488098778768e-06
4.003688988089127e-06
3.83733855548806e-06
6.8921857855692505e-06
6.851304703027112e-06
7.518121268718446e-06
7.088612418995639e-06
8.167474418720564e-06
4.701993925478505e-06
4.79268178483335e-06
1.0182519310598911e-05
9.842876877356916e-06
9.119728973206387e-06
3.2443331021651126e-06
0.0
9.574297323769707e-06
6.801133317483018e-06
7.223583054618118e-08
1.0575518546522844e-05
0.0
5.585758974410124e-06
8.265921877850715e-06
7.205381782647771e-06
0.0
1.9878933955783036e-06
8.853336238306693e-06
9.08148519843725e-06
2.8202068585180197e-06
1.234580657773845e-06
9.983498879427568e-06
7.802665129775233e-07
1.0194804571388249e-05
6.043738498672777e-06
4.152058814481079e-06
9.311543661469477e-06
5.5191066447725535e-06
3.4719898761035228e-06
0.0286632763366986
3.41149532830145e-06
7.883718213906703e-06
8.735837240274685e-06
1.9957583625514654e-06
3.3168196090169305e-06
8.77706518982634e-06
5.415459726897527e-07
1.0315112299754703e-05
5.20727245313195e-06
3.4743482813575487e-06
4.141941546172388e-06
0.0
6.667279895713271e-06
4.684373122217253e-06
6.674040999801286e-06
9.076230703326315e-06
3.2993573747956183e-06
5.513805733753789e-06
5.082475428631693e-07
0.0
5.135772360356984e-06
4.794474939785379e-06
9.073904447561188e-06
2.4880283160236275e-06
4.675835588009735e-06
3.852454184094104e-06
0.0
1.0443216047585604e-05
2.935211510615637e-06
6.789408448307498e-06
1.0421627907939252e-05
1.689562268658844e-06
7.985549216852505e-06
9.684778134328427e-06
8.986032475278609e-06
4.990593431077111e-07
0.0
3.380439287175728e-06
9.924624880716827e-06
2.1711862845465703e-06
6.198486731401787e-06
1.0692938191519075e-05
6.711809593208124e-06
7.781310263935484e-06
4.201503314911018e-06
7.123493286364745e-06
6.004672134007662e-06
2.968173347426411e-06
3.449601927414675e-06
8.260686539206584e-06
6.413699823853764e-06
6.772021119569476e-07
1.7625518636120455e-06
1.0878227756319646e-05
0.0
0.0
7.3889625178063815e-06
3.445539897453841e-06
1.1172535574222355e-05
2.6575235840725695e-06
7.846286956471965e-06
3.346585685301026e-06
2.220977178735629e-06
2.9648335766705784e-06
3.5033274775134905e-06
1.4588001453422482e-07
0.0
1.0081015959446054e-05
8.402980471424345e-06
7.363258125929572e-06
8.736611233248058e-07
5.541566553338149e-06
6.349115300319404e-07
1.1073073147437765e-05
1.3106130884020458e-07
8.000483262588548e-06
5.809469848825904e-07
0.0
9.347916428839728e-06
1.3064923609281081e-06
1.09213514505349e-05
1.0528141787204732e-06
3.965198072823848e-06
4.468887377147373e-06
1.0930551855613079e-05
1.0458109060358455e-05
4.134710174197706e-06
0.0
1.6284237326791667e-06
0.0
1.7000629044563296e-06
6.037810555072834e-06
9.72305280254235e-06
8.300770367285419e-06
7.563693061232404e-06
2.4491440463739725e-06
3.753115696236646e-06
1.0147297200197577e-05
8.570932148347238e-06
8.705499052075164e-06
2.8181062785003547e-07
0.0
3.2508144987103626e-06
0.0
9.515179410901267e-06
1.225124583892359e-06
2.6485779785186598e-06
8.840002666692347e-06
0.0
0.0
2.8458373712719146e-06
5.711677561158739e-06
6.558514638054143e-06
9.508691986136179e-06
9.972107790188319e-06
8.597600326376635e-06
4.452437652538948e-06
5.915685499447726e-06
4.7359463828276695e-06
4.342618226822324e-06
9.030579997510489e-06
0.0
5.909572926814234e-06
6.54156533145473e-06
2.200346414983342e-06
7.168694625068976e-06
0.0286632763366986
5.392131076102938e-06
2.5866681335594035e-06
9.929817950538797e-06
8.530989747780982e-06
2.4552196034051594e-06
4.733016885040267e-07
1.7399939537242287e-06
7.773194796118094e-06
0.0
0.0
9.110828806372419e-06
6.297345415011098e-07
8.418809811184857e-08
2.8776096468493117e-06
8.863684751114156e-06
0.0
3.865463873158514e-06
7.301896789592487e-06
5.868229458255848e-06
7.5980629612603906e-06
0.0
4.113932414084342e-06
6.073483040237015e-06
1.0896878629984879e-06
8.889940158185006e-06
7.16686024017947e-06
7.144849462933395e-06
8.125974860456467e-06
6.244859722596788e-06
2.637029655123927e-06
3.6222695946980165e-07
7.530559241259863e-06
6.009383048930129e-06
3.4130776000093365e-06
1.7263860265848693e-06
0.0
7.26445361786931e-06
3.3618788147019383e-06
1.0574451648632889e-05
1.0210925499203771e-05
2.7578663091441912e-06
5.788319781139452e-06
0.0
3.963598393881149e-06
0.0
1.1016562094696201e-05
8.00363965082003e-06
2.8242308279965996e-06
7.310486126316862e-07
8.001869919876394e-06
8.773655694339863e-06
1.0329047766476339e-05
3.407595272100914e-06
0.0
6.420042332140364e-06
1.4027056840970456e-06
0.0
0.0
9.423283696810433e-06
2.2417919468218986e-06
6.663582940565039e-06
8.112341182307522e-06
8.46332207000895e-06
1.0248046421355006e-05
2.8301187305596645e-06
3.506611568289434e-06
6.725295754371372e-07
8.922034357122304e-06
2.0016236294639827e-06
0.0
0.0
1.0611401088607267e-05
0.0
3.734972451367306e-06
5.447930479866925e-06
5.0827860626699305e-06
1.3692484276970124e-06
8.205828895372798e-06
6.761302790573705e-06
9.548450657898439e-07
8.574798024061342e-06
4.319085605820888e-06
6.934963493486038e-06
6.8423067061601274e-06
9.794059417150387e-06
8.43203857039077e-06
6.235838359415544e-07
3.6222215808994046e-07
0.0
5.927580437526118e-06
9.763498345034082e-06
0.0
6.291247221460059e-07
0.0
1.032707124471877e-05
2.759179106078666e-06
4.872008298352555e-06
0.0
1.003921606832457e-05
0.0
7.461529772259789e-06
6.902318412540229e-06
8.221986010569448e-06
4.0663455768998316e-06
0.0
9.307169891694282e-06
7.482345828997461e-06
1.5420918066757705e-06
2.8793969565852937e-06
0.0
8.109268717569228e-06
1.0449139830968501e-05
1.0231344330722037e-05
0.0
6.01515014963104e-06
1.6088791508660138e-06
4.474998100499134e-06
9.820888313484126e-06
0.0286632763366986
5.041665875162929e-06
0.0
7.248600297030362e-06
9.540512969614255e-06
8.033104867552378e-06
2.361103580088661e-06
0.0
6.839827926205636e-06
3.5689895871251123e-06
3.687541154051084e-06
1.8257253060080198e-06
5.215080960822464e-06
9.169249837230685e-06
4.418752906229117e-06
9.141557494256532e-06
0.0
1.2938978728665563e-06
9.702954299989589e-06
9.943656115191653e-06
6.910998613611877e-06
7.244256852222777e-06
0.0
1.0003814222371313e-05
6.363256340018144e-06
7.200345846773952e-06
1.0459483037189357e-05
2.3111797311483183e-06
8.427823839083698e-06
0.0
5.972038301462256e-06
6.252224874382572e-06
7.458371372191391e-06
8.221968136943883e-06
0.0
0.0
3.912565980570143e-06
9.702541639158444e-06
4.8059676352140755e-06
8.078113331721863e-06
1.0550242339162859e-05
0.0
0.0
1.6370465520373438e-06
3.853873803422592e-06
1.1855418555256757e-06
4.72661787526965e-06
6.275646675918639e-06
8.108408217141364e-06
5.18310301541589e-06
3.084485698195377e-06
9.432743456643099e-07
0.0
5.3074664319634105e-06
3.7428021107253925e-06
7.856423056127211e-06
0.0
0.0
1.0449872728031997e-05
8.056013239051498e-06
7.075012934422142e-06
1.0879486168479446e-05
0.0
1.0971001453358373e-05
1.1758426311417283e-06
7.885472835276177e-06
1.0414510373983014e-05
8.307343282188733e-06
1.060604008219787e-06
5.0004374654265695e-06
8.255269637034088e-06
7.4766998038352085e-06
8.155829572882657e-06
1.0863742830430118e-06
5.003915144590597e-06
2.462150256119027e-07
9.749656752798158e-08
1.4268829070946955e-06
8.641834965098556e-06
3.6560216389705652e-06
1.8149587082247118e-06
6.2758395002872406e-06
3.947846071960945e-06
6.97717095340606e-06
9.720584838235261e-06
7.990114966933542e-06
2.702314791625972e-06
7.4767673858187995e-06
2.6333951013138087e-06
4.4059174237614875e-06
3.2180074330597757e-06
3.5168276441164372e-06
0.0286632763366986
1.0362795457965973e-05
1.7941875915005381e-06
4.985504436246994e-06
6.875865243267719e-06
4.986780530645797e-06
0.0
7.622174585991429e-07
5.573794991509315e-06
5.656543414088175e-06
3.6958786974273812e-06
1.5979468805212408e-06
0.0
2.435297233856009e-06
4.975898345122625e-06
3.3627286691809255e-06
6.545779602191778e-06
5.072986616854627e-06
0.0
9.025757798461962e-06
9.93942787352246e-06
0.0
0.0
7.93043538288871e-06
0.0
4.661894606640507e-06
5.575371281572713e-06
1.9703355000952413e-06
0.0
3.0998645084844014e-06
1.2251879669351802e-06
6.4065316785036444e-06
8.937419255345094e-06
4.019976260040653e-06
1.0011491473897046e-05
9.261396441210353e-06
9.46527391995615e-06
9.60802432544165e-06
2.2414205243893562e-06
8.477039518171576e-06
7.854205268286448e-06
1.0792867714013032e-05
8.68230190417404e-06
9.252597928144828e-06
3.056965975615037e-06
5.815888345172619e-06
1.7921661978011406e-06
6.774794580457541e-06
6.142005667806917e-06
0.0
2.4537373994794847e-08
1.4671018972111903e-07
8.990926936570017e-06
9.19000932473546e-06
4.73797523972306e-06
1.754962100067918e-07
0.0
0.0
9.870028170279903e-06
8.786270625292197e-06
3.4198849248580745e-06
2.365671135577209e-07
5.3882459610926e-06
9.497526336920698e-06
2.7536615745622106e-06
6.335813104685862e-06
7.661179375571977e-06
2.9718076047160708e-06
1.2120888919461346e-06
7.028854261136828e-06
3.2995367432625217e-06
4.240145372417119e-07
0.0
1.1123390158984828e-05
8.622254652682455e-06
4.027594620403195e-06
1.0402987803043241e-05
3.516469497445674e-06
6.208573938819103e-06
1.104021679245237e-05
4.784493471005672e-06
7.630198635779398e-06
1.0379470526816159e-05
0.0
8.575565672007953e-06
7.246775758027971e-06
8.58581168373011e-06
9.91616757026418e-06
3.313419785671029e-06
1.6235546572124894e-06
5.635239412241715e-06
8.966789178839416e-06
8.268557620002174e-06
0.0286632763366986
9.526616567302256e-06
3.6963502168537848e-06
2.546524776417222e-06
6.63178170937048e-06
9.807624846890608e-06
4.114000731853212e-06
1.0320006466856584e-05
8.970216842797655e-06
2.5919052390760963e-06
8.871122749086385e-06
1.0400171048438223e-05
7.75179274905349e-06
8.841142919457787e-06
3.507827887409396e-06
7.402727442254004e-06
2.690266167793619e-06
2.1403232015360027e-06
0.0
1.320908856507875e-06
1.062289357539572e-05
5.930328527988603e-06
8.65506105690605e-06
2.2343204084638025e-06
7.047680351775977e-06
0.0
0.0
4.777425543894352e-06
8.360216827035725e-06
6.724976342456755e-06
0.0
3.800239592950108e-06
2.5961563764029856e-06
9.968393741807769e-06
1.877947580291274e-06
1.9875519791128187e-06
3.4360066942994687e-06
7.332358825645595e-06
8.766673025752153e-06
4.364720113349385e-06
1.8074270810947558e-06
7.410613266476937e-06
9.711691148511475e-06
4.554082876362298e-06
1.0500349799394468e-05
1.0548451164277583e-05
1.0442891045972708e-05
6.5808272779621205e-06
7.986921821156099e-07
0.0
9.184085371659685e-06
6.223978521359395e-06
5.673800099360143e-06
8.336836912929556e-06
6.66333406098578e-06
6.208660914310821e-06
4.010800511011911e-06
7.459784341119619e-06
5.7964659592505695e-06
3.6530209160562215e-06
5.551497076317938e-06
5.078293548672686e-06
6.897798596355024e-06
3.5867316124526538e-06
1.440594807829345e-06
3.1701039924353754e-06
4.3509983390837026e-07
1.5886730056196903e-06
5.35456799947356e-06
1.0882986635120885e-05
3.1269288361203118e-06
0.0
2.293134715704485e-06
6.699389241793809e-07
6.482783958721074e-06
6.274343023310935e-07
2.700562949469195e-06
6.264240841212247e-06
1.1115624186519455e-05
6.894762662412443e-06
8.294002423100138e-06
6.535714272317973e-06
1.8988476823052678e-06
6.72294309409064e-06
7.975134274146072e-07
9.592619275717499e-06
3.5323200530148127e-06
2.0922741244080683e-06
7.5009710098414205e-06
7.956203746451402e-06
6.471073703864378e-06
5.88579943483734e-06
1.1130588472299266e-05
8.845513614849133e-06
4.587513722439302e-06
3.899807362118559e-06
2.51359987546356e-06
6.934939799265774e-06
0.0
4.817497577230787e-06
5.841822150481927e-06
1.0710186933849773e-05
2.2320924350599847e-06
4.5961713151388215e-06
8.570869680768636e-06
7.862787397188834e-06
4.573477329312232e-07
9.139968945587951e-06
2.0946602232488725e-07
9.31778529841695e-06
5.127463400304708e-07
2.84364366032439e-06
8.267360304602625e-06
8.544077204167802e-06
3.983595893002167e-06
9.409892019625055e-06
1.996948874603825e-06
3.389501292164705e-07
4.0659491873928015e-06
7.768823169214864e-06
1.8720105567205955e-06
1.7912113106124396e-06
4.124979911728957e-06
5.548111567259326e-06
2.2465156862621857e-07
4.333936343590633e-06
4.366483421037496e-06
1.985275797843431e-06
3.375786749665677e-06
4.770105858441028e-06
3.537007565257174e-06
4.356370326228034e-08
6.486301157623321e-06
9.085192756019798e-06
0.0
7.5217408432919786e-06
3.7378875881828813e-06
5.8626017992224426e-06
3.63707307128813e-06
4.815108972979202e-06
8.196251652556584e-06
1.052717658807872e-05
1.0038816117997902e-05
7.1191647509253375e-06
2.7437282754858452e-06
2.1146457474696913e-06
1.0358672444746565e-05
1.3164154184868648e-06
1.0061736142583525e-05
2.516345477073327e-06
1.0216924610298756e-05
0.0
6.163892963759973e-06
9.379454033677911e-06
3.6804334926408265e-06
5.963288190000093e-06
0.0
9.64315908543739e-06
8.538165912236476e-06
0.0
7.109335692623199e-06
5.628295322580153e-06
3.883103058980272e-06
1.0454632602700346e-05
1.1177802333574555e-05
4.686111556436955e-06
9.839994189689424e-07
1.0280410947577303e-05
7.04255034772505e-06
5.525658917740386e-06
8.630018352241338e-06
3.329041508329256e-06
9.802707923338696e-06
6.954223032096772e-06
9.436075010702418e-06
8.001656302357794e-06
2.93775264414715e-06
1.1105327798373182e-05
7.17669513917758e-07
4.784103443801504e-06
6.136965488603889e-06
1.9923188095132273e-06
3.031642838256795e-06
1.5718108048037764e-06
6.038439712194409e-06
7.014658186610635e-06
4.18545718804536e-06
0.0
8.96630648714707e-06
3.953555685197665e-06
3.692681059080352e-06
6.715131580778352e-06
5.718572376301472e-07
1.470286845367512e-06
8.362769860395054e-06
3.693235249850971e-06
1.599465110865355e-06
1.5241044036461618e-06
5.360934762128049e-07
6.885253313902967e-06
7.796779027050503e-06
3.7008512699762145e-06
4.934138627743537e-08
4.587092666805294e-06
3.7952939781577606e-06
6.885302312432126e-06
7.345458241883118e-06
2.6835041644632416e-06
9.690933143556739e-06
5.340813278118361e-06
1.4170921728680545e-06
5.569644174870763e-06
2.273352462184734e-06
1.005584966245798e-05
9.296353488530236e-06
3.133296986059148e-06
0.0
8.29079793621614e-06
5.888153057669234e-06
1.9798078274808104e-06
7.514083599907969e-06
6.297336189805495e-06
5.67194509404612e-06
9.982596345443149e-06
1.1169720269929773e-05
1.4472026986103518e-07
7.949458949371116e-06
4.259635375245847e-06
2.209875245512075e-06
0.0
0.0
2.7712180584347823e-06
9.00964759160953e-06
6.903680092531359e-06
7.427805386697879e-06
8.476929384705274e-06
7.907141708380326e-06
5.6276721205379125e-06
9.531186248791659e-06
9.213182019050813e-07
4.9476281744371704e-06
9.911051598756523e-06
3.7361026557631836e-06
8.2587525256459e-06
9.118592424904343e-06
2.9721508684479857e-06
2.594738254380354e-06
2.533287424356031e-07
4.278683657595591e-06
4.243460618435247e-06
9.694632646899658e-06
3.3283312538336614e-06
4.550139053940991e-06
1.45311887391701e-06
5.168348958661092e-07
1.0523231185408573e-05
5.288730765609966e-06
1.0848310980355137e-05
4.780572214472472e-06
4.47696862187977e-06
0.0
8.515436010503361e-06
3.0422830032311192e-06
2.8985964072303365e-06
4.388785285499562e-06
1.0162276669133784e-05
2.8807262501263633e-06
1.0145025916624346e-05
1.0459920332721136e-05
4.762480596328929e-06
4.6734587640495575e-06
8.676069078227027e-06
1.1924373561075848e-06
3.7625315219784863e-07
8.664276727262587e-07
7.629563780941258e-06
9.95976647371305e-06
7.9245547294769e-06
1.607083530506722e-06
8.56371174763101e-06
1.1137459054799162e-05
1.9626089262351262e-06
6.695290728828774e-06
9.494091708920601e-06
7.566063314372441e-06
1.0987805336694614e-05
4.1327296523385e-06
8.936862553574e-06
1.3326630758865847e-06
1.053649566938344e-05
8.711203947073505e-06
1.078350382318243e-06
5.938425802585729e-06
3.3971401890539565e-06
1.079699731606375e-05
1.3255106657841258e-06
1.0251678006405064e-06
4.309788034358739e-06
8.422252615935596e-06
9.599906522127345e-06
9.536402685011804e-06
4.5641826045523776e-06
5.108178580937689e-06
8.009856018410946e-06
3.7762177918302285e-06
4.5938733362537e-06
1.0323923519831829e-05
1.0310601589958548e-05
6.361664199862085e-06
8.423421752685937e-06
6.59988785859706e-06
1.0748663647158718e-05
3.954827811021131e-06
0.0
7.5771617001475045e-06
4.3622129127067175e-06
3.655685697695985e-06
4.423493431915976e-06
9.643293935449853e-08
1.0196222628778782e-05
6.56896239894127e-06
1.0693181943506636e-07
1.0496009578435542e-05
1.648195108240962e-06
8.171454880870259e-06
9.327969421678486e-07
9.787811069422285e-06
6.586969446942707e-06
4.812166533595165e-06
1.0705899763456305e-05
9.280547740302149e-07
0.0
4.205691807763985e-06
5.510027446537329e-08
7.376739841998237e-06
3.0237706909510972e-06
1.0501023018806525e-05
1.107428938448525e-05
8.7908829214787e-06
3.1271148507765466e-06
7.269756426651972e-06
0.0
9.149002737175367e-07
1.1021528091103134e-06
6.7062246697502635e-06
9.00141339400784e-06
5.442439254007112e-06
0.0
5.6909825106781825e-06
2.8823056172726763e-06
1.1534977854118333e-06
1.0647477169525114e-05
9.278858726232119e-06
6.303112219761294e-06
5.8085937120383755e-06
0.0
2.2513640209020787e-06
1.81690578623355e-06
1.987355901426065e-06
1.0093791083340502e-05
4.062078746878655e-06
2.7160838865175265e-06
4.663705074097825e-06
8.271457416540762e-06
9.93384721573489e-06
2.9556894614334464e-06
3.5515937710776724e-07
5.276681163906814e-07
1.114727106358135e-05
2.603135929658756e-06
1.0945164996673308e-05
1.019322427176596e-05
2.131624914173143e-06
1.1108074786624648e-05
1.5409981632418092e-06
8.572536108191018e-06
9.153214807965335e-06
5.21963683812333e-06
6.214305938949167e-06
3.609374578165451e-06
3.914422134400786e-06
2.029321021887113e-06
8.868494713541819e-06
7.508541004950227e-06
9.031382504554732e-06
0.0
3.770881463782804e-06
1.6803190163340024e-06
7.865164833963534e-06
6.476904440112597e-06
7.948411296350616e-06
2.296667472155995e-06
5.682029567750696e-06
9.610947153997915e-06
4.9148217039832464e-06
5.805294842317382e-06
5.936605177386161e-06
0.0
3.997567141539927e-06
6.7729135487747145e-06
1.2717333830052225e-06
1.1140115623695251e-05
8.061072258742443e-06
1.5366890748353418e-06
3.596977865090587e-06
9.437161727191018e-06
3.214965380303209e-06
1.6995343065311924e-07
5.703157006942567e-06
7.183078823736883e-06
4.357516786873675e-06
6.314508776841103e-07
0.0
7.795681947161053e-06
1.1071633211810081e-05
1.6462365732936532e-06
1.5764645796611567e-06
4.283457595604324e-06
4.808878327705952e-06
6.614896618677387e-06
9.800419712152946e-06
9.361149157949728e-06
8.440518219130723e-06
1.0124854088440773e-06
6.580617809374857e-06
3.3015714922837817e-06
8.555575841517589e-06
4.2781282724460814e-07
1.0760971834000869e-05
2.8787418835444703e-06
1.6759946071772621e-06
3.1058294476024257e-06
6.151507894337781e-06
6.8687906708316e-06
6.283997878498688e-06
4.012781722089733e-06
0.0
7.08556597907793e-07
0.0
1.4084440849561596e-06
8.046621704563953e-06
3.7192069295854246e-06
1.5155255586400754e-06
1.9774140346959805e-06
4.364662658707573e-06
4.439121646865306e-06
7.922079360606756e-06
4.646747134922399e-07
2.0942261318125712e-06
4.889032332577531e-06
1.0395324550008018e-05
5.033071362949741e-07
4.30584009402557e-06
1.0441252285379071e-05
6.436708633560888e-06
1.8042094373711597e-06
9.268413850986667e-07
3.1637634975718846e-06
9.0642027287193e-06
8.991656178872354e-06
2.4466822412943055e-06
2.4297386374757323e-06
1.0104109283279083e-05
4.5537976276502396e-06
5.394492518794164e-06
5.262316600119331e-06
1.2657864394040236e-06
4.518698224887899e-06
9.63605531642196e-06
3.417504659995747e-06
1.0475036846540605e-05
5.013893412890613e-06
5.603665936677923e-06
9.12918977089656e-06
7.96002828576006e-06
1.961074629714588e-06
8.524426050336416e-07
7.442617711281533e-06
1.2986310111203743e-06
1.0520967497552394e-05
8.888844207196975e-06
3.857398728723587e-06
6.29289464997285e-06
3.493429734276919e-07
4.538178462171025e-06
4.657409017206729e-06
3.1395452853780473e-06
8.256659938783744e-06
4.163452619392665e-06
7.381650908269511e-06
9.592617505280476e-06
7.667014392890047e-06
0.0
4.476596118505812e-07
3.155868128833713e-06
1.0988389517410883e-05
2.573078908209771e-06
1.7128515552338659e-06
8.438678883781037e-07
9.275086091635941e-06
1.7598141532436567e-06
9.046749005793426e-06
1.0092584838941625e-05
3.949279565140775e-06
4.3383759984859235e-06
2.9999712427777352e-06
6.01577376312123e-06
2.1765978318366817e-06
8.314864080913307e-06
0.0
3.0550101944775194e-06
8.078230322702962e-06
2.7891751063420802e-06
6.445653657678017e-06
9.880028589161932e-06
2.2364575720225827e-06
5.258567992632092e-06
1.1194874881224568e-05
3.8277835476027586e-07
3.921486104280493e-06
3.806639050387887e-06
2.7236217208692626e-07
5.468755321871184e-06
7.895437757995658e-06
1.113448534743216e-05
4.99029545245478e-06
9.423112035412153e-07
7.1330988687791205e-06
2.2179613873229813e-06
3.5706068254881322e-06
9.785198659536879e-06
2.1197509915259166e-06
2.9452921073515155e-06
2.5710223164687045e-06
8.678614701006312e-06
9.768874545040912e-06
3.4119360305191037e-06
5.565440936206441e-06
8.989425101934416e-06
1.223071702768162e-06
1.0931089201096617e-06
1.0992221594827236e-05
1.0107788101264553e-05
4.428603505367148e-06
9.656022849873414e-06
4.651672509337855e-06
0.0
5.573152663773308e-06
0.0
6.266652726952455e-07
8.984753675647701e-06
7.691369737314265e-06
8.393443890989887e-06
1.2890379476710339e-06
1.5959218361983116e-06
4.4152995577201126e-06
9.02423286323511e-06
5.901278495649869e-06
7.809669144630152e-06
1.8824658027074203e-06
7.106992512445185e-06
7.606804013206104e-06
8.336558738362404e-06
2.522745121019757e-06
1.0854490489725275e-05
5.25498831564972e-06
8.805424988570451e-06
7.703306438173994e-06
9.120645652937748e-06
4.0606570536618104e-06
5.4608547207097354e-06
7.25139960789838e-06
9.940301177424686e-06
1.8436666313144983e-06
3.3318344540815296e-07
3.7267370199995484e-06
7.690498930492958e-06
2.8488325570701333e-08
6.031630362057429e-06
2.5423952912954743e-06
9.602230950164506e-06
9.484250138231808e-06
1.158840693804783e-06
4.6712375902808136e-07
4.8706760020806e-06
8.900848823462144e-06
6.098952180510402e-06
0.0
5.19037843166816e-06
1.3158120485905108e-06
3.0225234203735353e-06
3.4376883877883705e-06
2.2147628081107645e-06
3.6924442913661934e-07
2.765051853658391e-06
9.804875011995743e-06
0.0
1.0181128975976539e-05
1.0269706810568808e-05
3.9376720053605535e-06
2.4404152168628302e-06
3.713174079540109e-06
7.3250972689932285e-06
2.779348080177357e-06
8.573994701889644e-06
4.776750964958092e-06
1.0861243693408434e-05
9.421091476655349e-06
1.1074715197585296e-05
5.595883500748331e-06
7.671702294508923e-06
1.2864727757365194e-06
6.393226378004318e-06
4.051434937720981e-06
8.561936102327198e-06
0.0
1.5019421762272448e-06
9.810539557783651e-06
4.6060615909134026e-07
0.0
8.721724256903921e-06
6.4557760022489685e-06
4.43020655620784e-07
5.27440217503834e-06
4.090218173176187e-06
9.250012395748239e-06
6.957138567973783e-06
2.383880944639626e-06
0.0
1.2958906480764315e-06
8.737154962608683e-06
1.945519887989469e-07
5.296168216010347e-07
7.051726663959889e-06
2.007208162459852e-06
8.828035511888798e-06
0.0
1.048606399506145e-05
1.0299438849703482e-05
1.2450948235487083e-06
5.161418075693708e-06
1.9145301713847197e-06
0.0
7.580930041062961e-06
1.3627587194794536e-06
0.0
3.3993973655735447e-06
2.05327856051353e-06
9.477126783388632e-06
2.3316866916016396e-06
2.2081330339978916e-06
7.599509686397053e-06
2.7580593054697014e-06
9.070510800028458e-07
8.088736260382957e-06
6.368281815844217e-06
2.875334665669403e-06
1.1021413014176382e-05
5.187160045970029e-06
8.838366403295717e-07
8.27713949993783e-06
1.566641607769057e-06
0.0
9.758426702698512e-06
0.0
1.0076271267399295e-05
0.0
8.831667155038234e-06
8.076793050343565e-06
4.787770238287487e-06
1.6870645498538227e-06
8.909878145755021e-06
0.0
1.0924522621036006e-05
6.012538390944227e-06
9.871220765855745e-07
8.798810611688988e-06
6.169071342856148e-06
3.904994693082722e-06
3.288888077728645e-06
3.181034378782754e-06
8.153102933523221e-06
4.45564385309763e-06
8.173228263012632e-06
2.0753646531417544e-06
9.502958845016167e-06
4.917358000082566e-06
1.0716719218654788e-05
6.953990905639469e-06
9.497054533968296e-06
2.4303235517104724e-06
1.5710689675553845e-06
9.36567738067887e-07
1.0077084919172814e-05
9.486890688338907e-06
3.69245244564445e-08
0.0
0.0
8.739528945591143e-06
7.91211939035845e-06
6.413120826964447e-06
8.471223925018365e-06
0.0
9.675113342176173e-06
1.0649012817890088e-05
8.775457244785374e-06
2.1991820555809086e-06
3.83709200374387e-06
9.605518775718024e-06
1.3026717748994147e-06
5.3687187303438224e-06
5.637423929830432e-06
1.0750833048056146e-05
9.294532982498892e-06
0.0
0.0
3.7501208672627237e-06
5.099093510095349e-06
9.923584561691429e-06
4.6865932509679715e-06
9.932464762226121e-06
1.0801847776127722e-06
5.608181064304243e-06
6.041783735846565e-06
3.3150163279083963e-06
6.527329367315972e-06
9.934034664260508e-06
7.776256518273228e-06
2.948341666919017e-06
6.474035191790562e-06
2.2926444323600463e-07
2.7500543427801096e-06
3.6285197379875917e-06
3.0793164039979698e-06
1.0291727699431675e-05
1.0522928651348743e-05
1.297817604591708e-06
1.0913726182836402e-06
6.937671850446055e-07
4.6602355732042555e-07
7.644200642804932e-06
2.2635157362459025e-06
2.396150523708108e-06
8.369409070573221e-06
0.0286632763366986
6.755792179236901e-06
0.0
6.589965337486505e-06
1.500775122253216e-06
8.461293195646726e-06
1.0669213994059898e-05
8.404529575155146e-06
4.3468255343017785e-06
3.314086065279546e-06
8.899244313344826e-06
8.215966876978334e-06
8.36214575495939e-06
6.793181434335666e-06
5.652277773935121e-06
8.25818286611627e-06
1.0214738693358195e-05
1.9657210221077857e-06
8.06752167879534e-06
0.0
7.3970824885864076e-06
7.4664003512541415e-06
2.436366208297658e-06
9.683525999511629e-06
5.072553602534348e-06
0.0
8.715680783702624e-06
0.0
0.0
6.745543289289369e-06
0.0
4.4336368433527775e-06
4.986289274401498e-06
7.946507244400711e-06
0.0
0.0286632763366986
0.0
7.185114771219254e-06
8.711918017428688e-06
0.0
6.8500755946304645e-06
3.032827636437355e-06
0.0
0.0
9.011742829142277e-06
2.347414058504168e-06
3.950330405999732e-06
8.971881563248901e-06
2.9824898528850625e-06
5.837064463630355e-06
7.4841819861646e-06
0.0
8.31412878111671e-06
9.266727280724826e-06
0.0
0.0
2.2933789288593816e-06
9.399660088907973e-06
1.094039384960202e-05
0.0
2.2477088386166215e-06
9.062980263178436e-06
3.7693566927889823e-06
2.381496458309332e-06
0.0
1.0219979971397353e-05
1.2841193300689895e-06
1.3777446029324685e-06
1.741045625856836e-06
3.452807024709293e-07
9.1330938556488e-06
2.4143558835036867e-06
1.5335769420833796e-06
9.905847139226964e-06
6.803115146437887e-06
0.0
0.0
8.568243447190446e-06
8.982640215463103e-06
6.211401329720748e-06
6.17621694390241e-06
1.1014890786878933e-05
7.129195405534346e-06
6.7805493507927434e-06
1.088287282601846e-05
5.5307430603501424e-06
8.307899640436115e-06
6.490792516595528e-06
1.0248670447684895e-05
6.5755794059050224e-06
6.052084420633641e-06
0.0
6.270220673008533e-06
0.0
9.64700981931739e-06
5.823256830013728e-06
3.6773634542293815e-06
5.354189255512355e-06
3.864882597288903e-06
5.448932412183691e-06
2.4580143838272532e-06
4.237216424641703e-06
7.029799966484804e-06
0.0286632763366986
7.4542304387332885e-06
1.597447837074669e-06
3.2932770439004207e-06
0.0
0.0
9.279993417304204e-06
6.01726402692106e-07
5.410703847800459e-06
0.0
0.0
0.0
4.144300761500577e-06
7.501372773674385e-07
0.0286632763366986
0.0
1.7261551733467956e-06
3.340235226968023e-06
6.1498185859194525e-06
5.741443759524153e-06
8.19267576932398e-06
8.1848278442164e-06
4.662173716341441e-06
0.0
8.897480259263257e-06
1.0104626031798373e-05
5.374406160429081e-06
3.0345605606096035e-06
2.601139039902786e-06
4.149835624515933e-06
3.192475302575584e-06
0.0
9.740185800405868e-06
1.0799653657787583e-05
9.012983960980324e-06
0.0
5.328373138032411e-06
9.41060733644437e-06
4.848036999235188e-06
0.0
9.714009783164127e-06
3.888624353425306e-06
6.157839145402495e-07
9.920779263870981e-06
9.018426086826873e-06
4.361041014110848e-06
0.0
2.2205930876366783e-07
5.015549871074182e-06
1.0411623247689296e-05
8.836215763036411e-06
1.37956661221874e-07
1.2156188622649518e-06
8.798177421782408e-06
0.0
8.054510331411764e-06
1.0577706372203973e-05
3.0827807278496588e-06
3.779363525616094e-07
0.0
4.351976557704242e-06
7.460852508131972e-06
1.316124637921781e-06
1.0481026119421974e-05
7.894773774108639e-07
5.26771000276189e-06
5.1010623153949504e-08
1.882003906028623e-06
0.0
1.4283535652500854e-06
4.742971266016276e-06
8.062970432550715e-06
4.500429848954127e-06
7.189391090734621e-06
3.4918174966034637e-06
2.1879148350927138e-07
7.559540092633093e-06
4.963453942932122e-06
5.956462016912456e-06
2.146354363084002e-06
2.2448773076343115e-06
8.384225047036309e-06
3.5685648255477056e-07
8.21355454413204e-06
0.0
1.0783559234857932e-05
8.461901476392333e-07
2.402261061099513e-07
3.902005511105277e-06
4.912985284126889e-06
7.64808017373748e-06
5.704202107759944e-06
8.547322795355647e-06
0.0
0.0
0.0
0.0
3.3400215131749278e-06
3.660897932732813e-06
3.411312381002531e-07
2.9396689716135743e-06
8.028622320876717e-06
8.667350830278579e-06
8.498295490220727e-06
1.0319687262326173e-05
0.0
2.504733222214318e-06
1.3822565266170863e-06
2.268369373458234e-06
2.352306669352802e-07
8.91521434717814e-06
3.5643030250991645e-06
1.0602730086687816e-05
2.1138765755499133e-06
1.5156795466482966e-06
8.85232418205983e-06
8.104265902882753e-06
9.792713503427728e-06
8.678601094530059e-06
7.945170718379116e-06
1.4376013015839515e-06
8.61003609283386e-06
3.937661305916265e-06
8.368481963984161e-06
5.333362706637559e-06
1.0780580902625907e-05
3.3247626488467267e-06
8.961429904332717e-06
3.225012475987571e-06
1.0984238203461972e-05
0.0
2.3578249704242115e-07
3.794331441349252e-06
9.442838655129162e-06
3.533800034075328e-06
4.337646018970834e-06
1.096197445885878e-05
7.6057675458301046e-06
4.154416744672407e-06
7.096400792730283e-06
3.1704037305415653e-06
5.1831981871787e-07
5.025965749878055e-06
2.3413481447026093e-06
3.942571791296316e-06
3.823970526299854e-06
3.005033693080357e-06
2.534804157431034e-06
9.85700895764649e-06
0.0
8.427104089593579e-06
7.45144127112458e-06
6.3761811196009155e-06
1.1149675471955736e-06
7.169479459102022e-06
9.466721639795902e-06
8.88731619493742e-06
7.59919575844673e-06
3.878881124142054e-06
4.791534715029994e-06
3.2746861948528066e-06
1.9682297878366845e-06
3.6647615178499668e-06
4.223129624466697e-06
2.71247305542228e-06
0.0
0.0
5.837205495888059e-06
5.073767839414186e-06
4.4222528037642795e-06
0.0
1.0104921796155195e-05
7.206654530428531e-06
4.937988542698019e-06
8.191472651014022e-06
0.0
1.6344257530887507e-06
6.917063835917689e-06
0.0
0.0
0.0
2.525573698555369e-06
6.2359708468165995e-06
6.40400193686711e-06
1.4943958474035918e-06
4.153558474433867e-06
8.626956058179847e-06
0.0
0.0
0.0
0.0
6.209700195938454e-06
7.983777532079609e-07
3.958265225194782e-06
0.0
9.153486506697335e-06
5.3408737969435085e-06
8.923940712949172e-06
1.0348931331600861e-05
8.548449453539069e-06
3.0234964790394844e-06
1.7628937239635697e-06
2.4897727074917633e-06
0.0
4.1853993004243804e-07
1.4685251943410452e-07
4.6258342514348935e-06
1.0546113735736993e-05
5.95127921292605e-06
0.0
0.0
3.1266745254252854e-06
9.532289026695082e-06
6.73255887985354e-06
3.385075985649765e-06
6.2719826009350945e-06
6.622105817360945e-06
7.785447403461571e-07
4.93082998686893e-06
4.1843173668730876e-07
1.9997954182689186e-06
4.323151495310601e-06
2.8496514261196212e-08
2.16007204933649e-06
5.1382894241155245e-06
4.995269645175422e-06
1.1060814536271825e-05
1.0955360127603237e-05
7.983807352179427e-06
2.386451571394203e-06
2.5268790136010524e-06
1.0789989027102686e-05
0.0
9.642079161253475e-06
2.8710206577719676e-06
6.469491093188499e-06
7.968559814707996e-06
9.496761717029826e-06
5.306423637995717e-07
8.243172822536298e-06
9.441986477372411e-06
0.0
2.288704044719755e-06
5.516721424717231e-06
1.8656557901578492e-06
7.4635256222742445e-06
3.5515784535398553e-06
9.114623661723999e-06
9.838239086064275e-06
0.0
3.858393181711667e-06
2.134780876309671e-06
2.01333096172223e-06
7.678950961998856e-06
2.2550056369340378e-06
5.443350866542781e-06
2.8330849123609613e-06
2.5802381453639595e-06
2.5998224568112685e-08
8.100354713134157e-06
8.842687486612676e-06
0.0
1.5249547501544533e-06
6.726633915411812e-06
9.273792515214716e-06
7.124184159936693e-06
5.6222636826801765e-06
1.9234061805501196e-06
2.744112215535137e-06
7.94153449699923e-07
5.085551877506478e-06
1.0508453758711933e-05
0.0
1.4730462973456665e-07
1.0916348443990141e-05
8.574296888808825e-06
3.334687004454314e-06
3.14468075229598e-06
7.662331847726102e-06
0.0
4.345811754677644e-06
9.95161253702941e-06
2.2865349702360927e-06
1.0892022264738256e-05
5.406796937202487e-06
1.226066200635722e-06
9.675064280797685e-06
8.849434409831321e-06
5.798784517299959e-06
9.912285500084697e-06
6.5139492618546294e-06
8.785004906194811e-06
0.0
5.950137405926098e-06
8.51252613960725e-06
3.27616304125707e-06
4.302436069749432e-06
4.439358748769832e-06
3.999921145373828e-06
8.570821762365208e-06
6.439677417870207e-06
2.018949883224138e-06
6.7017168527836955e-06
4.091488430350628e-06
3.037862412376385e-06
3.0016103770930747e-07
3.681040711809044e-06
4.801767497659986e-07
1.0331996971119292e-05
6.359803565939887e-07
3.880523760596655e-06
0.0
1.1075625759927707e-05
6.262976099259862e-06
7.7409789805695e-06
1.0480228670508554e-05
8.919705562280072e-07
6.737469843923315e-06
0.0
6.121164989846689e-07
5.537409933527061e-06
5.8276804649749014e-06
0.0
0.0
4.575415272182701e-07
0.0
8.836704573099567e-06
1.9413626493157823e-07
7.42560845187954e-06
4.956989637615209e-06
7.97887926035013e-06
8.946081193635805e-06
0.0
8.616054777453674e-07
0.0
6.775518550146504e-06
5.9200734819943185e-06
6.963718622729077e-06
9.771268636643038e-06
5.326851052488333e-06
2.0376289640294878e-07
1.1037924964322313e-05
1.0387602088755166e-05
0.0
5.079854910647861e-06
1.9381321012345515e-06
1.7786420526644695e-06
5.489228816056997e-06
0.0
2.2550113095883206e-06
1.031609770052923e-05
0.0
0.0
5.460325476606229e-06
0.0
4.807561960996668e-06
7.649849584957153e-06
9.024213961241616e-06
6.812318802689181e-07
9.446294659758528e-06
1.0687031641551824e-05
6.442416988660346e-06
7.3466898513135615e-06
3.7662621767922607e-06
6.952589129974041e-06
9.519581405793487e-06
1.6146264456486001e-07
1.7518144349849811e-06
1.4346073332717477e-06
9.396994668685471e-06
0.0
9.120456479875318e-06
8.935405730410555e-06
7.4625713750051215e-06
6.506959520466888e-06
8.486591733019082e-06
1.009626766861438e-06
0.0
8.068440205507527e-06
3.4302146531379714e-06
7.947909872408833e-06
4.552635105241063e-06
9.91357622770123e-06
6.364494850882976e-06
7.527679216529422e-06
5.184268816651571e-06
3.086664226960096e-06
0.0
2.657949229343443e-06
4.1354916743518995e-06
2.0317871560367944e-06
3.3830880192414244e-06
5.801745399987193e-06
9.809190987663305e-06
5.858038362655718e-06
0.0
9.509372271164915e-06
3.061223854869303e-06
6.873257418043568e-06
7.805506667421874e-06
1.0189542457391286e-05
0.0
6.667209917652993e-06
0.0
0.0
0.0
9.893692743470265e-06
4.744016412572647e-06
3.753323015174315e-06
9.111145559830294e-06
5.178592367229161e-06
7.066961129021189e-06
2.674676069356052e-06
5.450653167415028e-06
9.229311915171273e-06
1.7162950416693526e-06
0.0
0.0
2.858247182163564e-06
4.020939725701723e-07
2.2057871985730776e-06
1.0046217155614849e-05
6.8406708377691885e-06
1.1690058979646933e-06
6.317793014409031e-06
6.219750694042137e-06
6.127039939212968e-06
1.0204940245522829e-05
