6.451574973190765e-06
3.213949155371798e-06
0.0
0.0
4.72035285251306e-06
8.61078460388947e-06
9.217276998608362e-06
9.174554493696126e-06
0.0
8.337174835065647e-08
0.0
6.157073219513811e-06
1.2469801256221888e-06
8.819413765026522e-06
4.934174831732733e-06
4.231078975974874e-06
3.0417895402526454e-06
5.833323764389216e-06
3.87970278557193e-06
0.0
0.0
3.522577527296319e-07
0.0
4.521392216316903e-06
6.507086022088528e-06
4.35591867498803e-06
7.303096438204887e-06
0.0
2.811378839101166e-06
4.458838411401895e-06
8.834356656610055e-06
1.4864237481251856e-06
5.956418610750025e-06
0.015677002851593992
4.73043484254404e-06
4.065272607321184e-06
8.999290787771476e-06
6.942874288576032e-06
5.948996190268986e-06
4.118287307896997e-07
0.0
7.5939739073245804e-06
4.6650705337287196e-06
8.799163114701438e-07
4.216308976162156e-06
2.665920942950379e-06
5.8278944048852165e-06
0.0
3.0904593580174256e-06
0.0
0.015677002851593992
6.796619277907374e-06
2.9243980047840292e-06
0.0
4.435094990402861e-06
6.152332201452008e-06
2.895367298110066e-06
7.734634182471047e-07
0.0
1.137387568666368e-06
0.0
1.4832514767417203e-07
8.505097094215445e-06
3.235739270778055e-06
3.5151020148625946e-06
0.015677002851593992
9.306837881436028e-07
1.1470798647579393e-06
8.598406957665191e-06
0.0
0.0
9.990228475206894e-07
0.0
8.398344133850636e-06
0.0
4.966803620992233e-06
4.298986830032171e-06
9.25115793435174e-06
0.0
4.530200824820855e-06
0.0
1.8922140750551478e-06
0.0
5.000167947838279e-06
5.913538932622619e-06
9.348158152735141e-06
8.234182503307772e-07
5.9163790828514595e-06
3.824914026328804e-06
6.400058606074812e-06
5.197717964871481e-06
3.139238626892174e-06
0.015677002851593992
0.0
8.000944199399755e-06
2.1033164817967503e-06
6.848149084208903e-06
2.85883196404431e-06
3.3057579344907347e-06
7.620897843754755e-07
8.534461175855838e-06
1.5577345516475664e-06
0.0
2.5225824537063546e-07
8.437404759465306e-06
5.551718887207248e-06
0.0
0.0
0.0
6.869877150052845e-06
3.5542138452206715e-06
5.980331938003723e-06
5.915251088683614e-06
6.981658632266564e-06
0.015677002851593992
1.7190105818258543e-06
0.0
7.773523966732488e-06
6.383079980954805e-06
0.0
8.708870519066493e-06
0.0
0.0
4.838271383205079e-06
9.546082196914952e-08
5.4870747676426405e-06
0.015677002851593992
8.030080250404765e-06
0.0
3.4124189442457287e-06
4.7007643143669113e-07
7.690208280463817e-06
4.0752471256882635e-06
0.0
0.0
5.640027462094961e-06
3.50739032750459e-06
0.015677002851593992
0.0
3.250248564837785e-06
0.0
0.015677002851593992
8.160888938526057e-06
5.302543584641348e-06
8.804699168841816e-07
1.4613982304701685e-06
2.0314101057953147e-06
1.9679987865353728e-06
8.621477977844283e-06
6.171532377751984e-06
8.189336709806872e-06
6.563728438994288e-06
4.481725412165663e-06
0.0
0.0
5.433558773827644e-06
3.5875576563289998e-06
0.0
0.0
9.35864186615179e-06
8.49858352801337e-06
7.730640814129775e-08
4.371920892681932e-06
8.382915308509704e-06
0.0
5.705149060997607e-06
9.17346471911671e-06
5.573654916456361e-06
0.0
0.0
0.0
0.0
5.3429999651221524e-06
8.381700181231248e-07
0.0
5.324267861734554e-06
0.0
0.0
5.895496540512465e-06
9.283697715230327e-06
3.655472934043918e-06
1.6496289830491592e-07
1.2745153376290406e-06
9.155380715308777e-06
0.0
3.164065095985666e-06
6.943452725654905e-06
0.0
0.0
1.0013630739882783e-06
9.383290135391855e-06
1.393034809243119e-06
2.4556992406319152e-06
2.747601022432873e-06
6.7836700270199855e-06
1.2228320640021443e-06
0.0
0.0
5.802323641892132e-07
0.0
4.465211434693143e-06
0.0
0.0
0.0
4.0608384878818575e-06
0.0
0.0
7.019618594024161e-06
0.0
9.099558836823842e-06
4.661526930427603e-06
0.0
0.0
8.296906215550044e-06
9.280851685776469e-06
0.0
0.0
3.127788849836403e-06
5.602431163178548e-06
2.460665269791181e-06
0.0
0.0
5.17505284332874e-06
6.514693611111105e-06
7.616490000704751e-06
5.722357738695909e-06
2.2637822826065533e-07
8.736235105566879e-06
3.004788230165683e-06
4.211707108951033e-06
3.1764516101171785e-06
4.141338065654222e-06
5.906808360178365e-06
7.511806459530262e-06
4.407260389934612e-06
0.0
0.0
0.0
6.639210997884692e-06
3.705565398301321e-06
5.456999868118766e-06
3.0599289437717607e-06
8.451029267755817e-06
0.0
7.173037937475781e-06
8.314999951230068e-06
3.7838888463152897e-06
2.7257335391469727e-06
9.539183841719126e-07
4.341011553025703e-06
0.0
8.683881388812719e-06
1.434520941695493e-06
0.0
3.190996304868565e-06
0.0
6.145436671059615e-06
8.63233439600874e-06
0.0
0.0
3.3418861647192516e-06
3.2704526755741543e-06
7.207615039823059e-06
0.0
4.005186236837846e-06
0.0
4.945334930050366e-07
6.873857121230466e-06
2.783769378803757e-06
0.0
3.483486841166519e-06
1.7483643041755012e-06
1.3540620822951704e-06
7.645758556240139e-06
7.8147252200733e-06
1.0651416048034498e-06
1.038360099160844e-06
7.686082657295212e-06
5.547902261084588e-06
0.0
8.016198898845887e-06
3.806873162904467e-06
9.273465397278882e-06
0.0
4.441855842707263e-07
9.750142906528783e-07
0.0
5.171989855719246e-06
8.718185382253853e-06
4.581012143612413e-06
3.8289273423627615e-06
0.0
0.0
7.067933212088858e-07
6.7679219126819055e-06
8.660657220741522e-07
1.2145947283175053e-06
2.3172909960220506e-06
5.469852734505493e-06
8.208130939540913e-06
4.045882929587253e-06
8.133353784933993e-06
9.908229120397523e-07
7.10794698095048e-06
6.038872218461505e-06
0.0
0.0
8.460562674672922e-07
2.5646596230600657e-07
0.015677002851593992
0.0
5.581507423456703e-06
5.573302494186363e-06
2.3476543692986575e-07
3.0013686825391588e-06
4.386725344279037e-06
8.877720992069973e-06
1.1494273355565063e-06
8.59325725012655e-06
0.0
5.628354241381461e-07
9.272279553319706e-06
4.36530293604086e-06
4.237212100081878e-06
0.0
0.0
3.369860764439041e-06
8.973429390333897e-06
0.0
6.62125013563624e-07
3.55686434993333e-06
0.0
8.33483531704083e-06
3.3583676362939567e-06
0.0
1.5719607483858272e-06
8.433690821288864e-06
1.3069572216122037e-06
3.3830388423427325e-06
2.801751705924244e-06
5.990634227885416e-06
0.0
0.0
0.0
0.0
8.391408501971981e-06
8.457104568736093e-06
7.367182492287346e-06
1.1761982309315325e-07
8.946770113984048e-07
1.1473983285927133e-06
7.759473390097262e-06
5.30242081196591e-07
7.042494453282677e-06
3.0847955237869356e-06
1.9434724388394214e-06
6.86377317098581e-06
0.0
8.179011374909961e-06
4.0337242518945625e-06
4.643695694478359e-06
0.0
4.64054387795262e-06
5.48990506345702e-06
6.347916328337564e-06
0.0
0.0
6.1433902421220256e-06
1.044169126608937e-06
9.012833670073317e-06
2.2786043106440066e-06
8.586161686352372e-06
4.6236587162248754e-06
1.2283328092102955e-06
3.5441242504591424e-06
5.023451800280094e-06
7.719740798809824e-06
0.0
7.973709812930708e-07
5.533635424303997e-06
1.766107946910639e-06
6.399700562917938e-06
0.0
8.409688265726933e-06
5.628535345464984e-07
5.050726759633066e-06
4.4747731260716425e-07
4.243408265733036e-06
5.016955474579164e-06
3.8089293645907863e-06
5.818480491745938e-06
0.0
8.733029113343905e-06
2.9953208030936715e-07
7.599168330094744e-06
5.0566630876210275e-06
0.0
1.1277904190203026e-06
6.926817943789584e-06
6.5141273077491906e-06
0.0
2.954547213287416e-06
0.0
1.9546354211203417e-06
9.06756010594678e-06
2.3629406604662806e-06
8.35683334079363e-06
3.974646265296186e-06
4.537099839163537e-06
0.0
0.0
5.970569298173208e-06
0.0
2.5245800351758216e-06
5.161268165479192e-06
1.7842112370945196e-06
3.399656789751942e-06
6.553286621253606e-07
2.842623187270104e-06
8.72955205861936e-06
7.679246314937843e-06
0.0
3.5226189433844265e-06
5.673979580669856e-06
0.0
4.419990605557653e-06
4.330743880877987e-07
4.6334131211895796e-06
2.9637336191257626e-06
2.6892067474034825e-06
0.0
2.5994473789210354e-06
1.9034395692845551e-06
0.0
3.9523679638006244e-06
8.504308909853042e-06
4.641109095467595e-06
2.1544366523863606e-06
6.513466604301864e-06
0.0
7.831533546644237e-06
9.361943164749176e-06
8.07692156648645e-06
4.455565203473473e-06
3.933299242033099e-06
3.092884525963437e-06
0.0
0.015677002851593992
2.8738562145109886e-06
2.413504746025096e-06
1.3122873327768875e-08
0.0
0.0
6.333067183086925e-06
2.623773097989087e-06
9.135970064606518e-06
3.044030308373996e-06
9.043046178572757e-06
7.036049084087782e-06
9.143095676929907e-07
0.0
5.713007672051679e-06
5.729815138673599e-06
0.0
6.251682389303519e-06
5.498689495305992e-06
7.575214766662794e-06
2.9907699985306707e-07
3.3670472109199007e-07
3.530712812203036e-06
4.744639605988431e-06
6.263807270224183e-06
5.1272452560525945e-06
8.47211930990969e-06
8.72031642782755e-07
6.326262084399433e-06
0.0
7.90756139568757e-06
7.935384448235777e-07
6.16772035591521e-07
5.001406740864986e-06
8.338528493968163e-06
4.672125821994364e-06
5.774997711210897e-06
0.015677002851593992
1.202388437649878e-06
3.3535292026159814e-06
5.062921104194204e-06
0.0
6.035629677452667e-06
4.0599461847152335e-06
1.8515725414167557e-06
6.601506497444615e-06
0.0
8.14204227951699e-06
4.409410867217718e-06
9.154175273366405e-06
6.2877507823501115e-06
8.840090342831122e-06
0.0
4.419825465535758e-06
5.0465431767329925e-06
0.0
9.296034261553258e-07
4.287108770411625e-06
9.183977576805045e-06
8.620874145094343e-06
9.432515155710238e-07
0.0
8.077103082096867e-06
2.7549019341515745e-06
0.0
1.494756652743372e-06
3.841865418432116e-06
3.6122710992130622e-06
5.569842744156636e-06
2.874652216690096e-06
3.775037637298293e-06
1.7016731799296125e-06
0.0
0.0
2.32987921380738e-06
8.153913259840473e-06
8.966998595313289e-06
2.134268739966414e-06
0.0
4.0384342285648755e-06
0.0
0.0
8.952077248212985e-06
4.037001374799561e-06
5.147812521541335e-06
5.890308211825812e-07
4.954582047038708e-06
6.393903111583068e-06
8.62526434232251e-06
0.0
8.178799893929566e-06
4.3197089095270065e-06
5.234358459149219e-06
7.860649047839087e-06
8.679500941416115e-06
7.307000913645865e-06
8.019605037163627e-06
0.0
5.715972528417886e-06
8.348581993851378e-07
7.133752374112853e-06
2.156008976015663e-06
0.0
7.165597687012015e-06
4.157173707799922e-06
2.934699522462702e-06
3.4905765855935128e-06
6.268601702966065e-06
1.2316513822819729e-06
8.80797057845155e-06
8.368575303246131e-06
1.545421883711861e-06
8.957890306324714e-06
5.14312656384802e-06
1.774954149119067e-06
6.363713052528749e-06
5.7306186315418285e-06
4.329867942914919e-06
0.0
5.691464304924483e-06
1.807091352493827e-06
0.0
0.0
4.195932106952456e-06
0.0
6.721456977609573e-06
1.0355249387536771e-06
8.112845147058544e-06
1.4128664086959749e-07
6.730559574366243e-06
1.0962391806334472e-07
5.092945133835356e-06
4.3682101273554616e-06
9.115753370030102e-06
2.720941826031198e-06
5.311968981196047e-06
4.904816551690197e-07
4.368444619638059e-06
6.501580286828598e-06
1.2747119812570368e-06
4.744946672795083e-06
1.0429031964661082e-06
2.054840267323775e-06
9.40998718331426e-06
6.879369918934053e-06
9.343448702327576e-06
1.7085058155672479e-06
4.939702599333843e-06
5.732976491265047e-06
0.015677002851593992
9.217815933600954e-06
0.0
2.975093643569327e-06
5.422424815566828e-06
2.2386053674368786e-06
7.35669292885526e-06
7.079328979539922e-06
1.1955732812759053e-06
9.234006629329904e-06
6.853133126218111e-06
0.0
7.735430153545472e-06
5.547257538757931e-06
9.145714478529625e-06
4.20191079355649e-06
7.826003635335862e-06
3.305947710788794e-06
1.1846505802412004e-06
2.2284599981070314e-06
4.842075972195544e-06
4.983170562277167e-06
2.035134988869611e-06
7.937572420418773e-06
2.4515718601577382e-06
0.0
8.026069041314035e-06
5.956882641608708e-06
8.12311208118358e-06
6.467617041153955e-06
4.4903875630575903e-07
4.7815588596972056e-06
1.6762840141512566e-06
8.89008256742838e-06
0.0
7.261856147027393e-06
5.264672046153773e-06
0.0
0.0
9.741232997220032e-08
5.881204855579389e-06
1.5258309539670357e-06
8.505744379131672e-06
9.393872617327378e-07
6.949616562121297e-06
0.0
0.0
6.6448751397547345e-06
0.0
0.0
7.067716607897898e-06
5.371848097747477e-06
8.509753781313966e-06
4.902742113877947e-06
4.754067454786909e-06
0.0
4.168634553055399e-06
3.2622863255225972e-06
3.2813111221352116e-06
7.34510189205694e-07
0.0
7.954915372418493e-06
7.1920506880791594e-06
8.663064227776656e-06
7.318850590438009e-06
2.7802556399976477e-06
3.708885516271698e-06
6.9064210951264904e-06
9.18033176002984e-06
2.3316937827616475e-06
0.015677002851593992
0.0
6.921871398004315e-08
9.14333644832104e-06
0.015677002851593992
2.9639795611830173e-06
6.107403809675786e-06
7.1242685824615655e-06
1.2394074233976708e-06
6.269589246904373e-06
0.0
3.831814517535496e-06
2.9721159770773347e-06
0.0
4.812999732312914e-06
2.30932618826829e-08
7.278345402222244e-06
5.957895430257335e-06
5.2265350858333914e-06
5.261907770513457e-06
5.258769493359695e-06
5.216786388475083e-06
4.164092831548739e-06
0.0
3.3284342497752154e-06
1.018622123206597e-06
2.1002560260858845e-06
0.0
0.0
0.0
1.2706145684028256e-06
2.934299974173873e-06
7.829927908093602e-06
4.120686850753141e-06
1.4625663955691716e-06
2.906505856542377e-06
1.721162160280741e-06
2.8177895422007154e-06
0.0
9.294877340227577e-06
3.3936496457326822e-06
5.699579247588927e-06
4.021899441851475e-06
1.3740853914471878e-06
0.0
4.236953624684573e-06
7.328300838306087e-06
1.4362227076707902e-06
5.8597835085402275e-06
6.113777044037479e-06
4.8376150822137246e-06
5.091194208430789e-06
1.3757863441721955e-06
0.0
2.2157116040368565e-06
8.51678040753905e-06
7.933145561872595e-06
2.2985776570888686e-06
8.245908056154925e-06
6.306363813556101e-07
5.386625958178121e-06
9.273799436832362e-06
5.417426980327966e-07
4.196376034425804e-06
4.475545570233005e-06
7.228239359083852e-07
6.614681087526328e-06
4.0086887671571516e-06
6.324274278085908e-06
0.0
0.0
8.255684340615107e-06
6.50300108486122e-06
3.109866745369678e-06
8.297872312865675e-06
6.8168650359402195e-06
1.956963876499875e-06
2.802773811616404e-07
0.0
1.9446283666210693e-06
6.727925655183512e-07
3.0955233361272512e-06
1.921251991916864e-06
3.875299893759099e-06
3.791078765489579e-06
8.408107344728958e-06
5.1314158896485656e-06
3.9543402260719246e-07
8.929586637745052e-07
5.314903993315132e-06
1.8615436182720985e-06
7.946474829353101e-06
9.790813301684025e-07
0.0
5.305457960747173e-06
3.92337073505087e-06
8.210593040640818e-06
5.851399364841401e-06
2.3486064116976993e-06
0.0
2.5324804917074296e-06
9.859008150610092e-08
3.659402862120823e-07
7.521457665926787e-07
5.818104268662869e-06
2.8439069941516085e-06
0.0
0.0
3.5177475603688116e-06
0.0
9.020220902845204e-06
8.526802048688064e-06
7.739840781531916e-06
5.826275403316445e-06
7.202294156949059e-06
3.2833993006344766e-06
4.220267719397454e-06
8.082634046282437e-06
8.45221114163394e-06
0.0
0.0
0.0
9.259435460139997e-06
7.946482936309693e-06
7.6068967569114875e-06
1.0852459893978737e-06
6.249792192033211e-06
2.7873021502270747e-06
1.1401793686005574e-06
1.1870858764097207e-06
9.282602633420459e-06
0.0
4.422699948115074e-06
2.3823305067202876e-06
8.290872230655607e-06
6.543940531180807e-06
7.804558268776024e-06
6.325700421341195e-07
3.392083724226067e-06
0.015677002851593992
6.365125569284788e-06
4.411240316806438e-06
3.2722517688665176e-06
7.93226537048119e-06
0.015677002851593992
8.664393564451325e-06
4.771674666541617e-06
3.8390998482012005e-06
2.725817177561197e-06
0.0
0.0
5.184624306767825e-06
7.079160750906556e-06
1.7555335189344997e-06
2.3179457591549896e-06
4.988047442486754e-07
0.0
5.418249478895424e-06
0.0
3.3104983915797205e-06
3.1321522597972918e-06
4.765618327759268e-06
6.390039820912343e-06
1.6546546149646834e-06
4.303982407261625e-06
0.0
4.7080706776286095e-06
8.000521894442176e-06
5.212205284850405e-06
7.5656505984643706e-06
5.245449993989422e-06
8.177292336265202e-06
1.6921383191792411e-06
2.8428302183785266e-06
8.91733936338889e-06
0.0
0.0
5.155564473376166e-06
1.7148253665743887e-06
0.0
6.4559304916154525e-06
9.407701408854925e-07
0.0
9.034963501510962e-06
3.2260039661262336e-06
4.474890761794774e-06
1.5739287332946108e-06
7.183722350470282e-06
8.763411894344408e-06
3.617716416833487e-06
5.6400914840298524e-06
4.502192258207187e-06
0.0
0.0
6.156699608619719e-06
8.144273616687767e-06
8.882985029877387e-07
3.0624074231425375e-06
8.148301526353335e-06
8.596073523510431e-06
3.4640263405315204e-06
2.191098814933457e-06
0.0
8.648982343106464e-06
0.0
0.0
5.080293755514658e-06
6.2988829157072004e-06
0.0
6.388458337498585e-06
8.632640849942198e-06
6.72307893968671e-06
3.2064334282720387e-06
0.0
8.336347524589187e-06
5.94136357680203e-06
7.547764331022578e-06
3.859918926258767e-07
5.407141683958527e-06
6.367704727086699e-06
2.566920290738106e-06
5.024312774854135e-06
0.0
3.2421575811002377e-06
3.7960132476555633e-06
1.2830052723365045e-06
1.4046537966219074e-06
9.079584174629044e-06
0.0
0.0
7.588124558637173e-06
1.5731489527048694e-06
8.422294586289514e-06
3.6775485181358247e-06
7.494302841007162e-06
4.325468834432324e-06
3.660407543827212e-06
2.73705214337147e-06
8.710707332526809e-06
8.1008645214342e-06
3.3368641897125154e-06
8.41508455713359e-06
7.057354267965359e-06
7.28560555883411e-06
8.785775304467787e-06
4.9088984098509456e-06
8.127702057464147e-06
2.14955967501553e-06
3.7110097376429994e-06
6.261955312859119e-06
0.0
1.9054771871341401e-06
4.30211338932602e-06
7.0528039725387045e-06
9.393723595486077e-06
4.363708319668125e-06
4.044601815743545e-06
0.0
0.0
6.424498888295793e-06
6.658746854776509e-06
3.3752076263998705e-06
6.417644851697801e-06
7.109385814425151e-06
4.0652250979715785e-06
1.1844796101739325e-06
1.9461124800279926e-06
0.015677002851593992
4.730530174543166e-06
6.87538544056765e-06
7.895787076401732e-06
3.5958148361832844e-06
1.5964758952279846e-06
4.396338934914963e-06
3.0713052030506416e-07
0.0
5.07315435891656e-06
6.129584908257183e-06
2.934332044420839e-06
2.243392670706356e-06
3.3640115466995608e-06
7.94650481651489e-06
4.0037412624813835e-06
5.096104475442059e-06
5.948715420463165e-06
1.6632109757932122e-06
8.0142387679395e-06
0.0
5.3183490983322635e-06
4.10130737126842e-06
3.2686858335852374e-06
3.9572621891777975e-06
0.0
7.445062342996262e-06
5.300373322968775e-06
8.305063617661916e-06
4.843405938790071e-07
1.926577496570156e-07
3.803597055721525e-06
2.0122170917555215e-06
6.2696203490693645e-06
7.022688466888521e-06
2.559783521773554e-06
6.264692308414585e-06
0.0
6.6287895285592655e-06
0.0
2.3216102976285294e-07
8.972286787740187e-06
1.4663560916601465e-06
2.472647631808375e-06
3.596291870284064e-07
2.5997571649252447e-06
9.31599138945433e-06
1.3722907020492043e-06
2.5163096187401195e-06
0.0
3.1108055123977544e-06
8.240295253902169e-06
2.2277369307217426e-06
3.5043183711289683e-06
3.73556743980268e-07
5.0033297644312295e-06
2.7852573628693183e-06
2.630555046267638e-06
9.414580588395336e-06
0.0
7.082782078777546e-07
8.363295343713925e-06
1.5427788910588856e-06
8.739673555802671e-07
0.0
0.0
5.47593461576139e-06
2.4478710797265778e-06
5.957029210250895e-06
3.5743320741441183e-06
7.098644494125391e-06
4.4072999219409614e-06
0.015677002851593992
2.459110822208054e-06
8.435941023534848e-06
3.7104555755919043e-06
3.7962768108008154e-06
1.5336675585346132e-06
4.19127488055381e-06
5.486702866091499e-06
7.703439248773861e-06
8.232502527554717e-06
5.64933987331704e-06
0.0
1.7502527999530599e-06
8.101019736443134e-06
5.823023470666571e-06
3.947350325329065e-07
2.0378268254229142e-06
3.294200696555915e-06
0.0
3.2005011019675045e-06
2.2397873383108464e-06
2.3900201294669714e-06
5.940720425017247e-06
0.0
3.1974295535962816e-06
1.3895665902597352e-06
3.6002446778985648e-06
2.189182701475217e-06
8.255176550691714e-06
7.244720070700032e-06
6.950084169017931e-06
5.561821251973745e-06
9.193987007226265e-06
3.943889474638476e-06
8.4138501233324e-06
0.0
6.525711723149895e-07
6.744603413743306e-06
5.178342420708198e-06
1.4361247226715953e-08
3.1677678054483404e-06
8.97790736259879e-06
4.7393888279958745e-06
9.38515485500772e-06
0.0
8.658734328917681e-06
6.721910495779902e-06
7.5008983552223086e-06
7.626431171461348e-07
0.015677002851593992
9.455350221442782e-07
1.4472617335936203e-06
6.976782219399759e-06
9.185157772153622e-06
7.870065844772428e-06
2.4785232762351933e-06
6.5608734715597864e-06
7.81366385175495e-07
8.594751093140687e-06
2.9345146971920333e-06
4.028664052125489e-06
0.0
9.225725138610803e-06
2.3465757813108956e-06
4.270237052946437e-06
8.033167781889525e-06
5.735444591655077e-07
0.0
7.533266570948634e-06
6.455636929228314e-06
5.599832893787301e-06
5.2170482109620875e-06
5.2451703079189276e-06
1.6275220253600661e-06
3.931366486608863e-06
7.214507990131353e-06
0.0
1.4516014797617524e-06
0.0
1.8896552353791953e-06
2.0840634878549153e-06
8.461963099976063e-06
6.140165232162939e-06
8.754446169713203e-06
5.808194027956787e-06
3.5503218326112915e-06
9.284795621192474e-06
0.0
2.1062924457520336e-06
1.2633261802279722e-07
9.100306905288327e-07
1.7212710670509085e-06
7.087707448265675e-06
4.05568785869969e-07
8.373518211083934e-06
1.7433013412750286e-06
3.238931586508198e-06
2.1913374706209055e-06
0.0
0.0
4.6839844727544564e-06
0.0
1.141297274392899e-06
3.259047128010306e-06
5.31247982094539e-06
6.4123728351212964e-06
4.8735668561534395e-06
5.196882116375447e-06
6.144308975891308e-06
1.0727426760655562e-06
8.50098624215618e-06
6.740540118662631e-06
6.073291108960908e-06
1.9669844237510793e-06
4.487355988170215e-06
7.92667616004729e-06
1.5491209011288011e-06
7.271616530118228e-06
7.335844202934979e-06
7.147717197896233e-06
6.235572985285498e-06
4.887180787610069e-06
5.521229765424753e-06
6.0026519943198475e-06
1.9809824733735225e-06
9.102443766224478e-06
8.790528575344227e-06
4.850782210025686e-06
4.240888049995444e-06
8.127681780946895e-07
0.0
4.982918507000124e-06
3.288303416012113e-06
7.644487348589822e-06
0.0
0.0
4.204231338048667e-06
7.173360780745478e-06
8.722301325829813e-06
6.327736604142535e-06
6.758245006197168e-06
7.696482515689429e-06
2.9058350303836873e-06
3.978008839544593e-06
0.0
7.456370904303281e-06
7.172014747093703e-06
0.0
1.268822837662036e-06
1.202272966882332e-06
3.6264288370014374e-06
0.0
6.732275348395441e-06
6.383785812589387e-06
1.2388217503031667e-06
0.0
6.3842553795126735e-06
0.0
0.0
0.0
5.951337078706015e-06
8.084248708387209e-06
4.267378358580511e-07
2.3579808005739545e-06
6.85949795147608e-06
0.0
9.301176440868165e-06
6.091670314865862e-06
6.814989603491493e-06
4.258502878348413e-06
0.0
1.303087438912451e-06
7.073694292560122e-06
4.150780808057779e-06
5.942788918502072e-06
2.753671658165981e-07
1.5809953204709905e-06
6.431977267745576e-06
8.533603468469841e-06
0.0
5.714394331469859e-06
6.266227129605383e-06
2.2365462654569067e-07
8.563800546553413e-06
1.8079485870679325e-06
9.237943876896677e-06
8.736559095070007e-06
0.0
6.583854262606057e-06
4.5069901167213734e-06
0.0
4.40677494735208e-06
6.076607279969692e-06
0.0
5.987494122566882e-07
1.015730742106277e-06
4.612065754588664e-06
7.636636002498086e-06
5.19627809257351e-06
8.066566663120572e-06
5.633445921449721e-06
6.450818773768686e-07
0.0
7.540433264710561e-06
0.0
9.028623060149026e-06
7.304021533109996e-06
5.838904099535814e-06
6.930494205920497e-06
6.315937479177795e-06
1.1330210269355365e-06
8.065175961171122e-06
3.1466379312315904e-06
0.0
6.282809201468173e-06
6.896075165629005e-06
5.934394961701318e-06
3.0533592581861957e-06
6.876352623930504e-06
5.460912269115597e-06
3.3152866297672606e-06
9.055919575112748e-06
1.5221609033875413e-07
0.0
4.508529674889171e-06
0.0
7.683835881294092e-06
6.938907444372861e-06
5.460640220837252e-06
8.461625723719182e-06
9.56412828408691e-07
3.8324668560166054e-06
8.252342801384523e-06
0.0
5.788462392563078e-07
8.88626450294166e-06
3.2230367484795848e-06
0.0
4.422094569676062e-06
0.0
2.0791407716941735e-06
1.3445993375791112e-06
0.0
8.49458726452163e-06
8.885801472232676e-06
2.304563541336638e-06
2.834188320918772e-06
9.018170971312224e-06
8.968474450490103e-07
5.686187952791586e-06
6.166239526558426e-07
7.705631931265232e-06
5.98910483917119e-06
0.0
4.571847775617064e-06
2.753670835923728e-06
6.37924562999838e-06
8.072611417471665e-06
0.0
6.79612989662781e-08
1.5493918557483718e-06
0.015677002851593992
7.871905348039894e-06
8.070862850168431e-06
3.3037337632469796e-06
9.2312813423933e-06
3.0485799568467518e-06
6.965538508948654e-06
0.0
0.0
7.429975804908943e-06
5.853847614057171e-06
6.454889072052611e-06
0.0
5.3573847271529326e-06
5.246887142142408e-06
8.552067972179975e-06
5.104467982561576e-06
4.158680345408167e-06
2.0994745900250653e-06
8.165261061954519e-06
7.811624780584355e-06
3.49192572951316e-06
4.712124637213865e-06
4.881052057049555e-06
5.909937620334835e-06
3.3431619306239573e-06
9.538794490103664e-06
4.446127025828597e-06
6.056725505384009e-06
1.9963171165165356e-06
7.822099123576069e-06
7.406549874935946e-06
4.344995010396199e-06
6.059774768665144e-06
2.258955831585263e-06
7.1814749025606905e-06
0.0
6.06119703510321e-06
9.00209304874896e-06
1.358821096903649e-06
4.936836060817013e-06
1.6259327218672815e-06
6.5980263666569625e-06
1.6444040844694035e-06
6.95168113149948e-08
6.530913159250391e-06
0.0
2.8433950892544407e-06
0.0
5.080314797633101e-06
5.66247894651778e-06
0.0
0.0
8.938509396428277e-06
4.53936961046428e-06
7.923542836217563e-06
3.081048028586929e-06
4.097479511658401e-06
0.0
5.709313298137956e-06
7.655267732492042e-06
2.225887459398108e-06
6.945065828086063e-06
2.8420902049661397e-06
0.0
0.0
0.0
9.082008385218915e-06
4.763244690663187e-06
0.015677002851593992
6.894274629168193e-06
1.2490037476819932e-06
0.0
0.0
6.375223486985336e-06
6.637580252386916e-06
0.0
4.233099683805257e-06
7.772657777727632e-06
8.222968373598687e-06
5.53001923578355e-06
7.4268093927782394e-06
1.1574463129455316e-06
9.57473212350861e-06
3.2649589574346153e-06
3.196797483167977e-07
0.0
3.0397745360356004e-06
4.6166492471562035e-06
0.0
6.764044348149837e-06
3.379542365163788e-07
5.414722859204015e-06
0.015677002851593992
7.774372727834466e-06
0.0
5.2442333912054294e-06
6.513872934118836e-06
0.0
9.623084568701918e-06
9.985406689797823e-07
6.882285449510982e-06
8.9630349556921e-06
0.015677002851593992
0.0
6.909543535164435e-06
4.040367353975719e-06
2.597691977129487e-06
9.149456589845661e-07
6.323719826421391e-06
4.119092267023733e-06
4.855222266553187e-06
7.486389546310751e-06
8.287245204244723e-08
0.0
4.685076170355535e-06
0.0
7.635885879607847e-06
1.8930590498398477e-06
0.0
7.942527465052185e-06
7.702386344722637e-06
0.0
3.771242472914695e-09
4.53205678173017e-06
6.553221357244495e-06
5.471277383768099e-06
8.297476700312246e-06
7.100483608320515e-06
3.8204788449966105e-06
3.3525212659481895e-06
3.4148616868029223e-06
1.907147909274268e-06
0.0
4.335745448944392e-06
0.0
3.0203688543432777e-06
3.1360639123635596e-06
8.108857319328867e-06
4.901238510646641e-06
0.0
0.0
4.141795841735855e-06
6.486251215811734e-06
6.610263455233802e-06
0.0
2.348665088901378e-06
0.0
2.581290010719033e-06
0.0
6.929345329208843e-07
6.532993475237343e-06
3.786036318727282e-06
1.668671177097376e-06
1.661731102125585e-06
4.898488178885774e-06
5.491017989724003e-06
4.3104636410155085e-06
2.5647377921770804e-06
8.352221008967862e-06
1.3933347483116212e-06
5.455506657338923e-06
4.082563547819284e-06
6.5284283249375535e-06
0.0
6.555958358712774e-06
5.592491915682262e-06
0.0
1.53878762246209e-07
4.005825381002967e-06
2.0247291948344826e-06
0.0
0.0
0.0
0.0
8.352238098387198e-06
4.6496518807503164e-07
1.6869872429104598e-06
8.810401295946428e-06
4.83252726517332e-06
3.669023414691611e-06
8.986578546154403e-06
3.6503629638629146e-06
5.545465990021214e-06
7.429048728932979e-06
5.827453128978082e-06
7.095013573376049e-06
4.366486507421389e-06
3.8697133336007255e-06
7.850397555360229e-06
0.0
0.0
0.0
0.0
3.6618666676247884e-06
6.0989587852576685e-06
9.050148005410756e-06
3.602777921810978e-06
1.7222404171712578e-06
2.816952113283257e-06
0.015677002851593992
0.0
6.349721859179276e-06
6.248334228956052e-06
2.908669901373863e-07
6.63533509757434e-06
7.882875769600123e-06
5.384691764361558e-06
8.744931555579847e-06
8.755927671130656e-06
6.020118150550945e-06
8.011716320990931e-07
0.0
4.47211586269535e-06
3.2490966944384933e-06
0.0
3.3450207028529375e-07
8.40885298934849e-06
5.788179619439012e-06
9.648778242335438e-07
0.0
6.281999223861824e-06
1.3110976803637465e-06
6.0637477015072594e-06
2.8940574838766287e-06
8.435575290332372e-06
6.217483103113568e-06
1.676969678697399e-06
0.0
3.865795112339339e-06
0.0
1.6077362721283665e-06
2.5353355459900347e-06
6.9977820603829375e-06
2.892853939900419e-06
3.118696230125477e-06
1.8709162534396801e-06
3.0626761136682733e-07
4.192608523853643e-06
6.085844064077799e-06
2.584212855637246e-06
8.59356248797069e-06
0.015677002851593992
8.558943524183571e-06
0.0
3.972737940483162e-06
6.256059699852986e-06
5.905656218762433e-06
1.8196279447683883e-06
0.015677002851593992
0.0
5.7547400319252465e-06
3.4119502105495687e-06
1.4891228978953985e-06
2.0286699244006876e-06
1.19229752058712e-06
2.8194791773428603e-06
3.528733924494463e-06
8.191763319549046e-06
0.0
3.884997072358148e-06
0.0
4.495966578175103e-06
0.0
6.817504613432169e-06
5.165004971226086e-06
7.446950892866199e-06
0.0
1.105294910849045e-06
8.391378082166774e-06
0.0
8.46985016223526e-06
2.004465596039129e-07
0.0
0.0
1.2060591895773356e-06
6.884604852392943e-06
8.730481069941635e-06
1.987867732493403e-06
8.763166731795017e-06
0.0
0.0
8.75724202800707e-06
8.065034999749918e-06
1.7581075690814462e-06
2.284232024990148e-07
8.168405792525212e-06
3.8861107671612875e-06
8.131090806468086e-06
8.802062232315875e-06
3.46515485374446e-06
4.640556402619782e-06
2.132127055879249e-06
9.720901699058613e-07
0.0
5.217258947661463e-06
6.696361516367106e-06
4.617407119450275e-06
0.0
4.469046257541904e-06
3.825015683997803e-06
0.0
1.1927320121995073e-06
8.916146278362396e-06
0.0
5.154859107425222e-06
4.962377981306886e-07
0.0
3.4295526753364103e-06
1.3007028668547955e-07
9.328883530426412e-06
6.3013340398362126e-06
1.564142012220474e-06
6.871277037044027e-06
7.6156255806583145e-06
9.056667310840208e-06
0.0
0.0
7.212859278471839e-06
4.45141492765552e-06
7.5451158999061204e-06
0.0
0.0
0.0
6.3566766467665765e-06
5.4057714364430754e-06
0.0
1.0961510581273536e-06
0.015677002851593992
5.147040976670277e-06
0.0
1.2616583651063553e-06
8.546791846283819e-06
3.3712879545060157e-06
1.2104449836140497e-07
1.617067275503693e-06
0.0
0.0
8.522236364564381e-06
1.6349587759115492e-06
4.002563925942626e-06
9.401347604065654e-06
3.932193922990801e-06
0.0
4.5304099133910215e-06
0.0
1.2479697599715934e-06
6.396626748368825e-06
2.5253334011466787e-06
6.687231331866242e-06
0.0
0.0
1.379044923743243e-06
0.015677002851593992
8.014631144808533e-06
2.6407396344081292e-06
8.519729341977984e-06
8.616157494367271e-07
0.0
5.619319172500422e-06
0.0
4.6813776307731405e-06
0.0
5.091017014207667e-06
4.593062113726717e-06
8.902044465666135e-06
2.550582594085132e-06
0.0
6.749311817635469e-06
3.7985062373374624e-06
4.585440720878771e-06
2.627981876203545e-06
1.477297549332959e-06
0.0
0.0
8.81278155998408e-06
7.846177563074462e-06
4.532434227971719e-06
7.831432192711493e-06
6.903781681178112e-06
8.34925776408683e-07
2.0754706774663366e-06
5.867198270930628e-06
0.0
0.0
5.154023522437278e-06
7.329456549394537e-06
0.0
4.784458361821171e-06
6.43230900983058e-06
1.1723613100169248e-06
0.0
3.6044621393876484e-06
0.0
0.0
5.812884474715489e-06
6.596466720370797e-06
7.520096823601684e-06
5.436126964629051e-06
6.245484274120626e-06
5.6372039845563404e-08
7.747798797191432e-06
0.0
0.0
1.101893458434955e-06
3.6330886224354203e-07
3.826369088994749e-06
7.851628142652701e-06
6.319808887143174e-06
0.0
3.3269525773048064e-06
0.0
3.199873572978797e-06
3.392599414406661e-06
9.12575152270116e-06
0.0
2.716090597273355e-06
6.673196078460914e-06
0.0
0.0
0.0
3.429173104662679e-06
9.254483060660056e-06
3.6124404538843448e-06
9.432713376828059e-10
3.407239099450834e-06
0.0
8.859004251181529e-06
0.0
0.0
1.3573769257960631e-06
2.896884224955629e-06
0.0
8.799652748009578e-06
9.000853598921417e-06
6.4891631590239324e-06
9.131721971087512e-06
5.011451898808883e-07
4.6096314795970924e-07
9.395594719428754e-06
0.0
1.8596070260450156e-06
7.344660286335066e-06
8.398182856422464e-06
5.095538970389816e-06
5.239716046529202e-06
3.891698174277791e-06
3.3006076750753e-06
3.877456325188935e-06
1.2788255346149055e-06
7.151975887990733e-06
3.1333271501471734e-06
0.015677002851593992
6.765467323432925e-06
7.469950476928112e-07
1.587564027374016e-06
0.0
1.1681661087402231e-06
3.159484861212808e-06
7.629600656977235e-06
1.135879953023601e-06
1.889636637526134e-06
2.8159521945246537e-06
4.888597175807111e-06
0.0
2.2271168376020823e-06
7.098010939417239e-06
0.0
9.304725884745069e-06
2.5089702758735323e-06
8.38205856170606e-06
4.4469598173378435e-06
8.223660848328006e-06
9.139896776363877e-06
2.3395931665753747e-06
5.082443824939028e-06
7.99061362974581e-06
5.447763381735277e-07
3.7525579318937945e-06
6.4861869462594425e-06
0.0
3.4588627914034963e-06
0.0
7.24749894254009e-06
7.27700494265746e-06
6.4384525058773485e-06
1.0504029557000877e-06
7.492047464476564e-06
7.836142596396419e-07
0.0
3.0882894040248657e-06
0.0
2.603214761371132e-06
4.7589258527674504e-06
5.558251749828684e-06
9.060107317498734e-06
0.0
1.6116141574337768e-06
7.4071788295454775e-06
1.115792619463436e-06
2.9030207658870326e-06
0.0
9.10254478869523e-06
5.369589834304414e-07
5.959650671168414e-06
3.7117407552395207e-06
5.547952958806399e-06
2.49916655326037e-06
2.0718974591090887e-06
7.768161184145254e-06
0.0
4.611541357826111e-06
0.0
0.0
3.813410423160312e-06
5.457007226190808e-06
2.6730377399876015e-07
1.6219830419311787e-08
5.839404674470454e-07
0.0
0.0
4.8852799669509275e-06
3.251018741227303e-06
5.731377091251079e-06
3.50859866212269e-06
9.734185184133107e-07
4.822961120077218e-07
1.0304503273951579e-06
3.512342123197124e-06
1.969582650024414e-06
5.648506295890347e-06
4.433128147018123e-06
5.491468655157678e-06
1.8293543750357664e-06
7.231849351786617e-06
5.380524205853369e-06
3.3183750856089527e-06
0.0
3.5292970018878462e-06
8.165770912596701e-06
0.0
8.405263658018647e-06
6.588959195146359e-06
3.1334725835770182e-06
5.2121406564121964e-06
6.263520123892483e-06
0.015677002851593992
1.5783910865623554e-06
6.029293231670942e-06
4.691556581333684e-06
4.3156714605763325e-06
0.015677002851593992
0.015677002851593992
7.676686246738062e-06
1.6717687902502793e-06
2.7734210366785937e-06
5.7001015997513464e-06
2.7807516351394764e-06
6.791219293014148e-06
0.0
8.811171053659771e-06
0.0
2.0939956100652878e-06
2.87961489355343e-07
0.0
5.763237321240645e-06
8.992605443958583e-06
5.194782631501593e-06
5.963877626845121e-07
1.685470522278343e-06
8.633601542740028e-06
8.344903815266529e-06
3.536283154705208e-06
5.897037103917293e-06
1.824371138432343e-06
8.65936530811914e-06
5.353585412844272e-06
5.3653677387747175e-06
0.0
5.010898452760374e-06
8.716086500512532e-06
1.7999186891540307e-06
0.0
0.0
1.1728757452435101e-06
8.37380088998555e-06
8.348103448262645e-06
4.278777443802282e-06
8.811860907334891e-06
2.315633225825654e-06
4.324156943488354e-06
8.018089782367984e-06
4.884856161315797e-06
4.886293088552674e-06
8.498480140086522e-06
7.0689838677264904e-06
2.7480286914814444e-06
0.0
7.623096868047741e-06
2.6636795469310736e-06
7.172495731405567e-06
5.633224430158064e-07
0.0
4.327969035791323e-06
2.6181438781003244e-06
5.380801025252539e-06
8.251544782405266e-06
1.690512936392708e-06
0.0
0.0
2.245236549352994e-07
1.5092958187720019e-06
2.3973205318682405e-06
2.5657525445243857e-06
6.192148013778786e-06
1.3839268574593495e-06
0.015677002851593992
5.732401057365752e-06
1.0328233599159238e-06
2.472523281927871e-06
0.0
9.280517485481545e-06
6.498591525393172e-07
7.0619181850888354e-06
5.261114771428829e-06
1.7240740939986708e-06
5.519894367489855e-06
8.733302997800846e-07
3.9527007468473e-06
8.191060020820462e-06
5.14034607180291e-06
2.2207678097263917e-06
7.789888982893995e-06
3.2140911430710187e-06
6.272341959078566e-06
2.1260659374026564e-06
6.958033413884317e-06
3.176562891972148e-06
7.1910794108209e-06
0.015677002851593992
8.142668309058929e-06
0.0
8.352356362007563e-06
6.020236866537817e-06
0.015677002851593992
0.015677002851593992
3.945019969831029e-06
7.869305356323433e-06
7.173962496689273e-06
5.512494194280098e-07
0.0
8.415239008496342e-06
0.015677002851593992
2.444744330983916e-06
0.0
4.033000845893561e-06
1.9260671458530056e-06
2.810681948775477e-06
1.8447176649036882e-07
5.643031093563453e-06
3.0522150229833348e-06
7.81054656018602e-06
0.0
4.3014731336623815e-06
5.668084906697777e-06
2.5785480440386867e-06
3.9994567887004394e-06
3.259025083871415e-09
6.624893958333491e-06
7.1417098521522325e-06
0.0
7.952617769575139e-06
7.368380460878282e-06
6.735189655608513e-06
7.433973326812311e-06
0.0
4.021634193295543e-06
4.247189091190609e-06
9.073506475024834e-06
0.0
1.08151798016727e-06
5.136768423849163e-06
9.351723335938124e-06
4.316341364305556e-06
1.315047186088472e-07
5.069424462563545e-06
1.9873799455811677e-06
4.87116430737126e-06
3.4181416957804317e-06
8.679029045624791e-06
2.053882533414104e-06
0.0
4.466850878500386e-06
6.6838309571056875e-06
7.1433466727573726e-06
5.13077809846069e-07
8.536616979035581e-06
0.015677002851593992
6.747985993979321e-06
0.0
3.336322333223783e-06
2.1164884645016878e-07
0.0
5.4939804714915496e-06
2.361126896710977e-06
9.136878757589092e-06
7.255686701784586e-06
8.982255010532628e-08
8.468609666109258e-06
0.0
2.2338448044922822e-07
3.674594863522062e-06
4.785143483278457e-06
4.302507827694688e-06
8.956667713857157e-06
7.172613856560351e-06
0.0
7.815152635368436e-06
1.288387434130503e-06
5.20729029683945e-06
6.785842364414302e-06
8.911016043790926e-06
1.8583605570763692e-06
6.222958681655719e-06
5.765909423581714e-06
2.0538495667169284e-06
0.015677002851593992
4.161429625763249e-08
4.688241273920575e-06
4.3853211531794915e-06
0.0
9.248145038995778e-07
4.33150033804198e-06
2.378941416813875e-06
4.1236092928376995e-06
7.950506729787103e-06
7.935013814256377e-06
4.475276520847272e-06
0.0
5.162045697688504e-07
2.502318079272881e-06
2.639633912999925e-06
2.7973686279707767e-06
8.187231915776095e-06
4.82783111797798e-07
6.242704811163954e-06
6.284035383916173e-06
9.266523981843341e-06
0.0
7.642340999911785e-06
9.24142605658233e-06
0.0
7.060410968778181e-06
8.58729609638115e-06
4.166506096173146e-06
4.801875254477297e-06
6.005198928622716e-06
3.3775692462899424e-06
1.189974132708938e-06
7.164218064993508e-06
8.135042566881307e-06
2.894988161366777e-06
7.123022939089886e-06
6.938926526983825e-06
7.866684041455675e-06
1.3691966089822085e-06
6.550826540381401e-06
3.1926715409197516e-06
0.0
0.0
7.428196266351267e-06
7.960574404135276e-06
1.2880991302548845e-06
2.6860970149070964e-06
0.0
0.0
2.765512199645134e-06
3.681935947774932e-06
5.168976359732221e-06
3.343314401370369e-06
0.015677002851593992
2.781118090409416e-06
5.084393378782733e-08
6.4417531159089165e-06
6.076716140256169e-06
4.0781045223535415e-06
9.716773503444705e-07
4.459290266381126e-06
8.607011958442509e-06
5.8345934273658394e-06
1.907450602108692e-06
4.71628577361889e-06
9.267412662743245e-06
7.902810569923358e-06
5.776050070028662e-06
9.184701690054186e-06
5.581240146908296e-06
1.3848718503415356e-06
4.892245418486717e-06
0.0
1.1932055184808856e-06
0.0
6.310445434965246e-06
3.161181460700837e-06
5.428124459718036e-06
0.0
0.015677002851593992
8.050723551491436e-06
2.2639456227389666e-08
5.182359932696678e-06
6.0281997003933785e-06
0.015677002851593992
8.199483469282287e-06
3.2062873038611847e-06
1.374193125697852e-06
4.192297125264108e-06
1.8906980335416133e-06
0.0
8.751172518843723e-06
1.1994146573038674e-06
5.796944311212892e-06
7.809378270683165e-06
1.5682464819564457e-06
3.049419948292547e-06
4.664049524880429e-06
7.638385148432055e-06
2.1797672796952784e-06
7.83239958676935e-06
0.0
9.192917045966714e-06
5.235822509370256e-06
7.741560285386999e-06
8.398349531722505e-06
9.845080867356345e-07
4.3144107632057976e-06
4.19948921948561e-06
0.0
0.0
7.137395208944626e-06
6.30720017974005e-06
2.7420566333625543e-06
6.258274134150219e-06
0.0
4.585309124617522e-06
2.679070067340791e-06
1.809397971898947e-06
6.40498976059816e-06
0.0
2.3623137708290835e-06
7.72136981823184e-06
8.391789589323674e-06
6.865026747143975e-06
5.672466067112015e-07
4.5579123325457983e-07
1.3000820121477608e-07
6.406502429738965e-06
3.4108954495949205e-06
5.75991596444498e-06
0.0
3.49985878127094e-06
6.231607206217833e-06
6.922041760005419e-06
8.66258081788259e-06
4.5088064398647175e-07
8.609898664693583e-06
4.125828441610337e-06
5.805210270618972e-06
3.997365072853502e-06
9.22043333129966e-06
7.241137343978376e-06
4.226461048952597e-06
2.5772370227082374e-07
3.184852603419383e-06
5.496211222231914e-06
6.935382601164545e-06
7.911837277786924e-06
2.2371035304609185e-06
6.164796619354594e-06
2.3860065064433135e-06
8.805629233083142e-06
6.005244046825652e-06
4.375030203270866e-06
3.874887267300948e-06
2.2477532815880947e-06
6.459704722052061e-06
6.722143503933555e-06
3.9106021693229354e-07
5.643088859759935e-06
4.779114473293744e-07
0.0
5.075002342525191e-06
1.5575173346821405e-06
0.0
0.0
7.4053141759857925e-06
3.021166729828078e-06
3.8237527038334986e-07
2.168593781396541e-06
7.400914214203911e-06
5.7362186275628815e-06
6.870730753806853e-06
7.760331573400005e-06
6.998425349846067e-06
8.140432047423528e-06
4.8803469473554724e-06
8.506484760758495e-06
0.0
5.250244260656528e-06
8.603275548190787e-06
6.490258556600003e-06
6.113427135828901e-06
2.6830908704904074e-06
3.975168632687152e-06
7.977196067816132e-06
0.0
0.0
2.1337548465819325e-06
4.318564293023971e-06
0.0
0.0
8.426475963268597e-06
3.873620360001957e-06
3.540414827848823e-06
1.624890199534035e-06
2.7192575989414213e-06
4.008694922898368e-06
7.407530528260722e-06
3.232484176709258e-06
0.015677002851593992
8.834708208419183e-06
0.0
4.156917435060224e-06
5.639149964552861e-06
6.166590414334939e-06
0.0
4.074027950340068e-06
0.0
7.461046913958541e-07
7.160318322815531e-06
2.3193244483349847e-06
4.319940302960634e-06
0.0
1.7231565711181945e-06
2.4186691791014008e-06
2.0582288573737745e-06
8.40439537379556e-06
0.0
6.862837855567122e-06
5.495327740001613e-06
6.596322840661181e-06
2.523274071895384e-06
3.930419288531815e-06
0.0
3.2049290377567585e-06
0.0
6.531844228241134e-08
3.7566938132652186e-06
4.80082100305274e-06
8.095595119155339e-06
0.0
1.1666011790458316e-06
0.0
0.0
4.66122017466789e-06
0.0
1.4360124630931426e-06
5.58051914859405e-06
3.854289342006798e-06
1.2893130346991905e-06
3.5691272423067303e-07
1.0093971596744131e-06
0.0
0.0
8.285583976518697e-06
7.311652716925548e-06
7.3680178871423056e-06
8.92839716080143e-07
8.539117726645155e-06
5.652135718423129e-07
2.5277314822191003e-06
7.112383633023385e-07
6.599414781547021e-06
5.49184807603836e-06
8.846820596982483e-06
1.3667199186844876e-06
6.093324925593119e-06
1.7578359430343198e-06
5.358570032713176e-06
4.896708159727985e-06
5.147835193317219e-06
2.03625502006744e-06
9.30260240567768e-06
7.618466074786434e-06
5.467225761595086e-07
2.3739511540977973e-06
4.957071269587407e-06
6.348081150567979e-06
2.9940359670241063e-06
1.449244071778305e-08
0.0
8.58377539503549e-06
8.84988302988863e-06
1.6950521170313041e-06
8.089412695258897e-06
4.635932320135101e-06
8.995013097053025e-06
0.0
2.564344268304109e-06
5.374395925196449e-06
9.339214794997296e-06
6.453788328820913e-06
2.520631369127402e-06
0.0
6.446932663046895e-06
5.153156644319912e-06
7.408823904594271e-06
9.959740609688598e-07
1.6474590810912956e-06
8.077344227934816e-06
2.4455972125336057e-06
7.119450174828145e-06
5.958612730926112e-06
7.614634664665331e-06
7.697496987573346e-08
6.346218909522104e-06
4.673513585177001e-06
5.800322913347921e-06
6.107205592312166e-06
8.900087318734563e-08
8.34306228679044e-06
0.0
0.0
6.598322806057946e-06
7.464665575951125e-06
5.9097032324814554e-06
6.331582892259061e-06
8.01209181020622e-06
2.7721986246193014e-06
9.323427151448192e-06
0.0
1.1937859636412991e-06
0.0
2.067886103065979e-06
9.054060426764837e-06
3.8061305158742495e-06
7.89957287561973e-06
8.239015955999394e-06
0.0
1.1577661229256781e-06
1.6588210408211942e-06
0.0
5.989642361289234e-06
0.0
7.63118149003534e-06
1.5854949031942013e-06
0.0
2.177771882077304e-06
3.186882351902853e-06
0.015677002851593992
6.3460817836856645e-06
7.799710941766955e-06
1.4392135617912798e-06
0.0
5.1397118782793025e-06
2.8493010180214736e-06
2.6948860185190344e-06
5.19684768020121e-06
2.3314742121915642e-06
0.015677002851593992
4.7341369471686345e-06
6.346501692981216e-07
5.59221566679661e-06
1.9079643082585423e-06
9.27400623465181e-07
5.241254805185053e-06
0.0
0.0
6.880957002088196e-06
8.970648727706954e-06
2.740907057729274e-06
8.488511264194926e-06
4.39650347569424e-06
1.9001554280981516e-06
8.929565963564033e-06
8.752281444628247e-06
8.79612722941808e-06
4.814064793338919e-06
4.360279776869866e-06
0.0
7.552129970907056e-07
3.376088075728164e-06
6.289628839588176e-06
6.564524175301513e-06
2.6876452459910997e-06
3.925187812680416e-06
5.724054564850059e-06
8.39008749243809e-06
0.0
3.747578354461519e-06
6.719105404714785e-06
0.0
7.010648052384613e-06
8.272234610328143e-06
7.5925931447169995e-06
2.33857323203815e-06
6.98349233712141e-07
3.0464840649410805e-06
5.582432610827981e-06
3.1658567397992628e-06
4.195778870504104e-06
5.864169798158181e-06
3.7707508437468396e-07
5.888918688220604e-07
2.353615899607015e-07
5.854540872173739e-08
0.0
3.6891088923394637e-06
7.132634393463959e-07
0.0
3.74015028718188e-06
9.278854618292038e-06
6.908923221211912e-06
2.5244955221026547e-06
1.6540386709813337e-06
8.997729893674201e-06
5.374560241030242e-06
4.701093340013082e-06
5.0155538859075e-06
5.598435259466117e-06
1.4268634403623457e-06
8.237128894949214e-06
3.924572740085925e-06
9.134561376990992e-06
8.722385554928945e-06
0.0
8.763968982858946e-06
0.0
2.759160558198333e-06
8.516983268544237e-06
5.7265714619020105e-06
2.642052369339155e-06
5.234902953931071e-06
1.694122386908276e-06
6.503020745151472e-06
1.912166734508074e-06
0.0
1.938360281708783e-07
0.0
2.481310464287723e-06
0.0
2.6749493224954266e-06
8.6639560876273e-06
2.9119034236271765e-06
9.26535763165733e-06
7.808378094873229e-06
3.5817977354780223e-06
5.223073006689667e-06
7.318324921500491e-06
1.9665265167118484e-06
6.910618641573218e-06
0.0
8.444905219491466e-06
4.019271109752013e-06
1.6542185851414362e-06
7.780425888416857e-06
6.889569308585288e-06
5.48919530763612e-06
0.0
2.5309962717782726e-06
7.482405324294195e-06
3.3119064467707745e-06
9.369517288213107e-06
5.161762187687069e-07
6.744383418721617e-06
1.611566940639307e-06
0.0
0.0
2.0134278712174487e-06
6.547688431186752e-06
2.207752378135756e-07
0.0
0.0
8.027822457689122e-06
5.570223335310017e-06
8.478435089513406e-06
0.0
0.0
5.565693365993357e-06
8.173012612343115e-06
3.2549584062725247e-06
2.7143570572014682e-06
5.970066474751743e-06
3.2733209962606244e-06
2.6898982325889283e-06
4.57598345037411e-06
3.569407833201685e-06
6.448256200327399e-06
2.944120164643106e-06
5.106974213481729e-06
2.216697979342185e-06
0.0
7.935222382557694e-06
0.0
0.0
7.859259677090593e-06
7.852860999642096e-08
5.297093976819916e-06
1.62140227469128e-06
9.941029448975784e-07
3.7508260465405336e-06
6.261601897270783e-06
0.0
2.0101755461848894e-06
7.577561156443317e-06
6.185702909655691e-06
1.5495766327036452e-06
5.779389327348899e-06
0.015677002851593992
8.761048082040668e-06
9.261778162693382e-06
0.0
4.808322648067154e-06
8.570322764105982e-06
8.295742494256491e-07
5.774695013378253e-07
0.0
7.02553606706323e-06
7.1781690381644776e-06
6.349545557608035e-06
4.2163603180793046e-06
2.7599759846397495e-06
2.6422050388125694e-06
5.325761649865886e-06
5.729516817380568e-06
2.386057838199481e-06
0.0
7.901162354038595e-06
2.797788191925439e-06
2.457692837177329e-06
5.880893784623034e-06
1.3654952459914746e-06
7.689075116497973e-06
4.74367887416877e-06
3.3627858960770007e-06
0.015677002851593992
4.427286829759071e-06
3.2812925319977357e-06
4.002734503795639e-06
4.576130488959199e-06
1.0977735012763943e-06
6.410974650232509e-06
8.687421024731582e-06
2.9834036795721525e-06
2.90175221870258e-06
7.816813656681413e-06
5.14881835582389e-06
7.151138447795928e-06
7.658984321922226e-06
4.886498193922894e-06
2.680781297082802e-06
6.161551112592102e-07
8.19470717560291e-06
2.6351079465870398e-06
0.0
7.789160378911843e-06
1.3421172841413487e-07
8.201397616239962e-06
7.969907796106608e-06
1.8978043739976428e-06
4.3773278650188534e-06
6.25442806387844e-06
3.840415198858412e-06
0.0
1.2471544083653421e-06
0.0
4.196746638941605e-06
8.101300824079372e-06
4.582560682146985e-06
4.604102448823862e-06
1.6977748352873072e-06
9.405781386172636e-06
5.82289101651019e-07
9.018263564318617e-06
3.857874332168237e-06
0.0
8.65312126184653e-06
5.816077228469815e-06
0.0
5.5891820846862166e-06
2.469088225351238e-06
9.553638307192875e-07
3.371910473679458e-06
5.9518580933418e-06
1.3775044257260608e-06
0.0
4.348143465640174e-06
4.0070907472978555e-06
0.0
3.19206027474212e-06
4.878121685539627e-06
2.53815115664018e-06
8.500572926301397e-06
5.61744627098163e-06
0.0
3.9717070549353675e-06
0.0
0.0
7.629223929084535e-07
8.444287654278429e-06
9.409246330206819e-09
4.38903655168706e-06
5.765757863555165e-06
6.527661291511723e-06
2.024533213537831e-06
3.3569809143283487e-06
8.983852609446405e-07
2.7946734653178515e-06
4.201660082401761e-06
3.9433072073467545e-06
0.0
1.471700215840825e-06
8.810321673931136e-06
4.486560812134005e-06
5.6916639856172534e-06
2.8620172256576097e-06
1.263839964299267e-07
1.8420337623733778e-06
6.404763981618708e-06
1.2698095381518016e-06
1.6311842194297195e-06
1.5517974075318458e-06
7.587330606650797e-06
3.4900930173401454e-06
3.5952789227562845e-06
4.778654705830457e-06
7.828052519865505e-06
3.152165762322629e-07
1.9437457551394354e-06
0.0
7.484374683959351e-06
0.0
7.341396729956249e-06
5.55765235919958e-07
5.422539281382536e-06
5.117141157054154e-06
0.0
1.193443070841949e-06
0.0
2.3261069850998265e-06
4.804296281543358e-06
7.045898418093414e-06
0.0
5.935216321840649e-06
0.0
5.267761066032989e-06
9.282982497172727e-06
0.0
3.983341227512341e-06
4.613487618826641e-06
0.0
4.389659339617988e-06
8.83216625505922e-06
4.094740375196034e-06
7.030952833069005e-06
3.3304802897567287e-06
1.6156269169753517e-06
8.188905479835087e-06
5.542234295258866e-06
4.468083207165501e-07
4.5772021749896085e-06
8.15455641066857e-06
2.937073603334685e-06
0.0
7.347359048686416e-06
7.606253367641537e-06
8.058239723746953e-06
2.6251913602360235e-06
2.533750023029924e-07
6.534171206942797e-06
1.2955822048372162e-06
0.0
1.1363480932128216e-06
6.554150515631762e-07
5.8311059509436825e-06
9.293198049978914e-06
5.79551211020933e-06
6.3600187638187205e-06
6.084300675104482e-06
2.905547156481113e-06
1.9758957427239095e-06
2.526819395405788e-06
1.6862643630350486e-06
1.918804539404041e-06
7.205553617762321e-06
3.4617262103083486e-06
0.0
3.169226535167839e-06
4.325750830007209e-06
1.3723983329252238e-07
8.41975868801286e-06
1.0904124530203997e-06
0.0
9.011992368655497e-06
0.0
3.488555847973832e-06
6.593176102878497e-06
9.349590005986307e-06
0.0
0.0
5.132931902354221e-06
3.088610724794528e-06
0.0
0.0
7.355324479883068e-07
1.7267298724118512e-07
4.9975344452035246e-06
0.0
1.9803329924155147e-06
0.0
1.4309281214496049e-06
3.244718225660746e-06
7.875693799653442e-06
0.0
3.978174352066514e-06
5.64879845100818e-06
0.0
8.686741933483203e-06
8.443448517550898e-06
0.0
3.4033140545890005e-06
0.0
0.0
3.724060480678691e-06
2.7401597164205836e-06
0.0
0.0
2.3359707364670496e-06
4.072873108189886e-06
0.0
0.0
7.140141981760154e-06
1.5717946379233185e-06
9.28711736349506e-06
6.927553618014792e-06
6.927770013319554e-06
0.0
8.43137649518614e-06
0.0
1.0606127821460417e-06
3.804425487417322e-06
4.711426092710557e-06
3.895868815158096e-06
4.085759645703235e-06
0.0
5.345264950178292e-06
7.4096350349112296e-06
1.804438159507135e-06
4.378643061292415e-06
0.0
0.0
0.0
9.022490242196186e-06
0.0
7.427640177099573e-07
1.0378128285864682e-06
9.272634077440476e-06
4.49011362244429e-06
2.121640555021582e-06
1.0262611720675202e-06
0.0
8.89468633751937e-06
0.0
6.847654357333591e-06
3.2620064427937255e-06
7.621938331670105e-06
2.313470186431159e-06
0.0
7.527001190740146e-07
6.857819476701704e-06
0.015677002851593992
3.558343375120227e-06
1.3109441071367654e-06
9.13818954029649e-06
1.1562240366132425e-06
6.977616013525296e-06
5.568827070940484e-06
6.436367394397925e-06
2.614100077683812e-06
7.998210096152757e-06
9.054172232573716e-06
2.4760473930029574e-06
2.6850690526430406e-06
0.0
5.5327732333631116e-06
3.757168992558359e-06
8.481671250814909e-06
8.422748922918256e-06
4.448924260860658e-06
0.0
0.0
1.7693434412984483e-06
1.740163150357531e-06
1.9081251729190285e-06
4.84403924159927e-06
0.0
3.470133693454481e-06
5.2061897203134016e-06
0.0
4.497811690756663e-06
7.719306596109525e-06
5.109421393126014e-06
8.474240148444232e-06
3.2455091973960335e-06
6.463660975632772e-06
0.0
6.861011308877658e-06
4.520991710612517e-06
1.7051527853828108e-06
0.0
5.351509504948259e-06
2.6159816211211297e-06
0.0
3.2677960918428183e-06
9.489187410407488e-07
0.0
4.140732574665999e-07
1.0527703666035724e-06
0.0
6.954165820202131e-06
0.0
4.604010972685043e-07
8.037156832561267e-06
8.852282430063031e-06
6.372740321117062e-06
8.786221971568817e-06
0.0
5.042891582964619e-06
0.0
6.425983333237055e-06
4.719905542035821e-07
0.0
4.418564439600173e-06
0.0
0.0
2.620681507521917e-06
3.526841414494491e-06
1.6074468393038737e-06
7.812721754043634e-06
2.6222728397828563e-06
7.957909532629976e-06
1.5366744630838542e-06
0.0
7.099966060351354e-06
3.730697203088399e-06
2.5988388213002665e-06
0.0
3.929357130630507e-06
3.2496052922797596e-06
6.295422148382778e-06
1.5916379370628087e-07
6.371475512711171e-06
8.953699249454572e-06
0.0
6.689046713148246e-06
8.84129743093379e-06
6.058158815328285e-06
8.374971953689041e-06
1.0785669732195601e-06
0.0
9.244789042903049e-06
3.4242556743812215e-06
2.4611966436590755e-06
8.868976927112154e-06
4.395955694683926e-06
0.0
0.0
4.2347490447811074e-06
4.621475649517219e-06
0.0
1.2121847176614269e-07
0.0
0.0
8.188763048461669e-07
7.977318168027882e-06
6.205761141656895e-06
2.2789910651306063e-06
6.780324589804443e-06
8.274295746719038e-06
0.0
2.614833375784418e-06
3.856055396866139e-06
4.78378836488408e-06
3.0957841906720907e-06
0.0
2.990287848251408e-06
0.015677002851593992
8.280831116999045e-06
6.784774531092013e-06
3.3041565898213336e-06
3.4117418246631162e-06
4.327150997111116e-06
3.3056973695398696e-06
7.04116959614891e-06
2.6800502753081977e-06
7.90484278305701e-06
8.434906427050567e-08
2.7263603065231263e-06
1.780496123850623e-06
0.0
8.457170402208102e-06
5.967526936300553e-06
7.332333232010049e-06
4.298851856074355e-06
4.0383775610651305e-06
4.68464702328231e-06
8.64629251961008e-06
0.0
4.36365920396996e-06
6.706662588569737e-06
3.380967355218587e-07
3.945635377967964e-06
0.015677002851593992
1.4119780243940002e-07
9.211727387057122e-06
1.5895550885009568e-06
7.727747234887873e-06
7.545690537328807e-07
3.425354993012831e-06
1.6239290533637844e-06
8.02347831811185e-06
8.545669360939701e-06
0.0
3.1569954671270784e-06
5.551967290007599e-06
0.0
9.377542764293159e-06
5.799581802262607e-06
9.206361784355164e-06
1.4085430435658114e-06
2.9610124683965e-06
3.1955089394134313e-06
1.3666508336994505e-07
0.0
0.015677002851593992
0.0
2.7394364176374468e-06
1.566278077993818e-06
7.068689785808323e-06
5.3746453208746626e-06
6.718530049680638e-07
6.634860974659183e-06
0.0
3.9040108046758606e-07
5.978268652329775e-06
6.058320410236964e-06
9.074328660102114e-06
1.4543991980403508e-06
0.0
0.015677002851593992
8.75726793102687e-07
7.972568806683635e-06
9.59223018393014e-07
2.1884423757820403e-06
2.172444903709909e-06
7.734386092916396e-06
9.286893567652775e-06
3.851951200619603e-06
3.7421476618164687e-06
8.537327846342201e-06
9.4107073481135e-06
7.17658201940787e-06
3.0193286276986775e-06
6.626117013247235e-06
1.0495601850230683e-06
2.182854296831507e-06
1.8420211133706893e-06
3.479242392482039e-06
8.494175159978995e-06
6.926876685541782e-06
3.16078818892878e-06
0.0
0.0
1.7616384325529171e-06
5.144110355409717e-06
9.147130770237528e-06
6.526726277914715e-06
6.965723090257229e-06
2.2783415489888845e-06
0.0
6.841579375542481e-06
5.847556718309926e-07
2.125470546791581e-06
0.0
6.246779452403065e-06
8.112686151388884e-06
1.336284651765691e-06
4.447449428243849e-06
2.871608844333894e-07
8.358851708672163e-06
8.486811717464853e-06
9.95203420474508e-07
0.0
0.0
5.473657139413299e-06
1.1776364729364783e-06
1.4920472450522696e-07
1.0503919718579827e-06
0.0
7.229438791889766e-07
1.108322475153303e-06
0.0
6.736611431114945e-06
6.489183023229992e-06
4.590512734062236e-06
4.5787808894290465e-06
4.526275340480294e-06
0.0
9.37798941454616e-06
8.102805969198238e-06
0.015677002851593992
1.0627254031926036e-06
2.212234684972038e-06
3.716578799746718e-06
9.15079586187782e-06
1.6357078834866672e-06
1.0283537399660646e-06
8.904681034692405e-06
2.577004834424287e-06
3.289788819345188e-07
7.7243936957674e-06
0.0
8.464968811085579e-06
6.12996095363992e-07
4.479379313821042e-06
8.825064813173558e-06
3.6199501984740196e-06
4.39329222930242e-06
6.388783548312518e-06
0.0
0.0
4.322966877531711e-06
8.147045784305546e-06
7.741319895450811e-06
0.0
0.0
7.768513004805439e-06
0.0
3.039168078818681e-06
6.279740470343223e-06
1.3132396199682927e-06
9.068502825533496e-06
7.79316775366456e-06
6.411637588709026e-06
0.0
2.069836342004494e-06
2.9110086752579304e-06
6.286619296113661e-06
0.0
1.7089432394403852e-08
1.7965851127940916e-06
0.015677002851593992
4.4947334911924255e-06
0.0
9.037839928844173e-06
6.069709818387059e-06
1.1959409659151212e-06
4.482582343124286e-06
0.0
0.0
0.0
6.974260362944021e-06
0.0
5.87197527950367e-06
5.236802232136005e-06
6.627652547357347e-07
0.0
4.56921227369742e-06
0.0
5.193647263990806e-06
5.557121399528565e-06
4.232034931351028e-06
6.110809005125822e-06
5.093041866998664e-06
3.3117372561011066e-07
1.2304885675448815e-06
7.065972896017402e-06
4.84222371990028e-06
1.4755910729117013e-06
1.3504385168474783e-07
6.524605095764762e-06
1.3179150389526434e-06
0.0
0.0
8.695668349364393e-06
0.0
3.4983374100434087e-06
7.671984011442543e-06
0.0
9.056069815955134e-06
0.0
5.588962594188093e-06
2.5937859878625546e-07
3.4984860911269517e-06
8.010650016093181e-06
4.286838696426128e-06
0.0
7.983242768798789e-06
0.0
5.350979824837402e-06
5.018559517005107e-06
6.247353920425488e-06
3.4081757422447427e-06
3.2532350623568283e-06
1.164100445416634e-06
7.501281645802662e-06
0.015677002851593992
0.0
6.759873124842316e-06
5.964572007480421e-06
0.0
0.0
6.370042989535406e-06
0.0
7.4921151993312835e-06
6.825768943003534e-06
7.713804866608114e-06
2.3256999870920776e-06
7.751069720957827e-06
8.266059389857225e-07
0.0
9.428350709140687e-08
0.0
2.721164245486971e-06
7.000125542158803e-06
8.594492991782755e-06
0.0
2.5992375172766855e-06
6.377316716273068e-06
2.6603212812407218e-08
3.6822104885347544e-06
6.80142988435427e-06
4.453458714383113e-06
0.0
1.3919395155110248e-06
6.239057447594226e-06
2.8803377436372034e-06
2.1590713106318507e-06
5.131000026769612e-06
5.59239705350609e-07
7.129176939616298e-06
0.0
8.965483822508856e-06
0.0
8.623271078205244e-06
0.0
0.0
1.1620206854193686e-06
6.8939932868556235e-06
4.018669447308197e-06
1.5590757003115338e-06
7.565453133527077e-06
7.835260035789523e-07
4.4131119206583125e-06
5.25304582235523e-06
1.3913704074132114e-07
0.0
0.0
8.388892580218643e-06
8.918922059126815e-06
9.336092957975275e-06
3.819668022943508e-06
7.94883836741545e-06
9.41181398565801e-06
0.0
0.0
4.745481791989451e-06
0.0
0.0
7.340412486484332e-06
8.189463993157205e-06
2.0976304034033972e-06
7.957778673615884e-06
5.139386913248493e-06
5.440826623941169e-06
1.3472157380243813e-06
0.0
4.93706628459357e-06
0.0
0.0
2.8003985779761607e-06
0.015677002851593992
5.439414440672093e-06
1.790489587692624e-06
2.399640390378265e-06
2.556491697714687e-06
0.0
0.0
0.0
5.738218977739511e-06
4.316365553196936e-06
0.0
1.9521506507002223e-06
3.827801008933321e-06
0.0
3.6943529572011457e-07
6.21099219973456e-06
3.750815827118409e-06
0.0
9.040812723269488e-06
7.796219450673368e-07
6.242596625701663e-06
6.93768703958126e-06
0.0
0.015677002851593992
7.299573920228429e-07
0.015677002851593992
6.633501275100545e-06
5.427885631499975e-06
0.0
2.2478813391247843e-06
6.89247594815668e-06
0.015677002851593992
4.155246902054421e-06
0.0
6.6013490080410994e-06
6.486261217824737e-06
1.9780410269051584e-06
9.005402906463739e-06
3.806706184138905e-06
0.0
0.0
0.0
8.005937094248504e-06
1.631307967940701e-07
9.045904162777688e-06
2.0238370405289845e-06
0.0
8.476369105425513e-06
0.015677002851593992
0.0
8.168663789214504e-06
0.0
4.227629852224691e-06
5.0518254697639945e-06
2.495170163921952e-06
6.652744831554525e-06
1.2879409875331606e-06
8.056668998055951e-06
3.800933386167171e-06
4.953013603050891e-06
7.700842034517468e-06
8.93189173198177e-06
0.0
7.135333019595874e-06
6.895495798584665e-06
8.507672014376795e-06
0.0
0.0
4.3423039104734997e-07
0.015677002851593992
4.842127326976813e-06
0.0
8.262025025736718e-06
0.0
9.07769143292834e-06
6.9028384006473e-06
0.0
0.0
0.0
0.0
0.015677002851593992
2.997115394424803e-06
3.404508318509619e-07
3.946871881472936e-06
0.0
8.981330689450264e-06
9.16185467171008e-06
7.904357936722771e-06
3.520516181324956e-07
6.6271469381294235e-06
0.0
1.4150274143802857e-06
5.001547876541127e-06
4.198462872419179e-06
0.0
8.820867868923425e-06
9.382824287845262e-06
9.366254707720081e-06
0.0
2.6225306510844146e-07
6.289737893982521e-06
7.4713758493521354e-06
0.0
3.745104746423085e-06
5.45548988774314e-06
4.516344492590111e-06
0.015677002851593992
5.370793767545802e-06
3.77985983770206e-07
5.4969791672943655e-06
8.594469602913055e-07
4.365418363877615e-06
2.1023314092878134e-06
8.203112483997258e-06
8.533248875993337e-06
2.0844061983967614e-06
7.4518514280804895e-06
6.681625327262547e-06
1.376724145769825e-06
3.6800325824412412e-06
0.0
8.823910028705531e-06
2.2045995111479283e-07
0.0
1.824608160994757e-06
