0.0
6.502719099502592e-06
4.91474052671592e-06
9.099921301441834e-06
6.7725633087103435e-06
3.671539037206201e-06
3.553792218778794e-07
1.1519694633204813e-06
1.8647358560579762e-06
7.427453155873633e-06
1.4158612332115255e-05
3.7944757350349554e-06
3.250152227720856e-06
0.0
1.4861658509535579e-05
0.0
0.0
8.237334316364395e-06
1.4384324691586526e-05
1.6700255630494352e-06
4.767046034233872e-06
7.359760683563602e-06
7.0668113763218975e-06
1.6140085710328513e-06
3.180327954605041e-06
1.3287393228413691e-05
1.183279184497205e-05
1.1479363315533638e-05
2.3102838483920094e-06
1.3810074883674475e-05
6.030678253265889e-06
0.0
1.4744097662091218e-05
5.189088871934976e-06
0.0
3.007817913420001e-06
9.94482519449086e-06
6.748055658070983e-06
1.4419419892328044e-05
1.118428687467265e-05
1.165684231230535e-05
1.9885056723145884e-06
9.890296668649137e-06
6.262730514968361e-07
4.080158451348933e-06
7.66055268583148e-06
9.19909296841046e-06
1.2835390034626258e-05
2.6745978796540143e-06
1.5453917364731243e-05
1.3951965153012543e-05
1.0904005149851146e-05
3.6623407126423033e-06
0.0
1.2849427685315685e-05
5.201338997216744e-06
1.4591076534755516e-05
0.0
0.0
3.888443984245997e-06
8.882732701790894e-07
1.3662062091846835e-05
1.0977107261307258e-05
1.5185982683159406e-05
0.0
8.017071612883354e-06
0.0
7.231867032632963e-06
1.35012222604757e-05
1.6261767758674853e-06
5.888731496487607e-06
1.5191948585470821e-07
3.743004134416794e-08
9.810753411479238e-06
1.960326867092216e-06
1.0665485535471073e-05
6.326138207370058e-06
1.4925769211109637e-05
1.4743694651779752e-05
1.3969226127624639e-05
0.0
8.144229890779417e-07
1.484475123185051e-05
2.5313695349652875e-06
0.0
5.502173002884214e-07
0.0
2.0547787610642637e-06
1.2539746526623789e-05
4.8916343741737886e-06
9.028076039711446e-06
1.4468945883442966e-05
1.4038230392054187e-06
1.3148058167721404e-05
1.1287539677656627e-05
9.187057222462488e-06
4.555017843311854e-06
1.4204341654849118e-05
1.4691760126936884e-05
9.937858159680243e-06
1.0356521385970792e-05
6.95892638441191e-06
1.1498662408097167e-05
8.302179617112014e-06
1.247900919628704e-05
9.022735739288705e-06
0.0
1.5074809398246443e-05
5.428212283893074e-06
4.359908449076423e-06
3.727027345514861e-07
0.0
7.073152342246679e-06
1.5950693354644278e-06
1.1481375363387809e-05
0.02952995972894038
8.002465666016178e-06
9.652777405515965e-06
8.960227138694787e-06
2.2198203449405242e-06
6.9109226522530526e-06
3.4996682439503026e-06
7.155415578384773e-06
5.061534198267426e-06
1.3550621137656087e-05
5.484599364055037e-06
2.504963025443455e-07
1.1501986864001652e-07
7.008660454250988e-06
0.0
6.391865965728721e-07
6.49669051436943e-06
2.118632515377872e-06
6.861047938683247e-06
1.4379487721376698e-05
3.7467204017207232e-06
1.487921198216353e-05
5.632921872746457e-06
2.2830857321312987e-06
0.0
0.0
4.702584599409507e-06
3.5416120963354678e-06
4.002869473268928e-06
0.0
2.9431706683920762e-06
1.3866330157351363e-05
8.55303001701382e-06
8.850006745860757e-06
5.466486101703012e-06
7.096656465530546e-06
1.4470989488581695e-05
4.586326092032526e-06
1.4504224865873216e-05
0.0
1.4565460545961134e-05
1.5010725002477492e-05
1.257733754478983e-05
5.678732901844857e-06
1.3039885751867263e-05
0.0
1.5431491519614696e-06
1.0355160919993442e-06
5.632319548910767e-06
4.170474124828153e-06
1.0757311500548768e-05
0.0
0.0
1.4088987028354517e-05
0.0
0.0
1.5467820466213598e-05
1.0499963182758564e-05
1.2200287254109115e-05
1.129532450126116e-05
2.3153840406559034e-06
3.582841620583621e-06
1.2724017478740239e-05
1.0492314484867619e-07
1.0617085242792185e-05
1.553519861942534e-05
1.7681486812325505e-06
7.534677914905182e-06
6.548480870552821e-06
7.303602407555709e-06
6.986099740643056e-06
8.9537947607989e-06
0.0
0.0
8.2217277424975e-07
4.977403736987084e-06
8.095704264218322e-06
0.0
1.2379839754914043e-05
9.906323056202213e-06
5.5395949928538676e-06
6.404910261824697e-06
8.649141862264682e-06
0.0
0.0
0.0
1.1669767174364827e-05
0.0
7.4859912452551605e-06
1.284977784240338e-05
5.430219020228533e-06
8.846296528900711e-07
1.0521391720377067e-05
1.3159823763529551e-05
2.2387527577950952e-07
1.267082237844706e-05
9.206480704777724e-06
1.0869353391316285e-05
0.0
1.8741197662183262e-06
1.445348448960917e-05
0.0
6.070738417937362e-06
6.669430842272054e-06
2.2609027256374197e-06
1.1516849495681428e-05
5.855460025946128e-06
7.368766707127491e-06
1.2601710516017334e-05
8.704400299817755e-06
3.8120602735997587e-06
6.737804030441812e-07
0.0
6.226402130330549e-06
4.9466387516626185e-06
0.0
1.4086492038785862e-05
1.0912617788287358e-05
1.448745586412237e-05
0.0
1.5454059191027518e-05
7.791974725246499e-06
0.0
1.4176868224598803e-06
1.030675751405135e-05
5.291176070459909e-07
1.5043184326552494e-05
0.0
1.2299970974550848e-06
3.9959254642955215e-06
3.4179005611999524e-06
1.1705801932459346e-05
0.0
1.2332945336499718e-05
1.1514247048898991e-05
8.706671377939303e-06
0.0
3.7903213193636455e-06
1.368613999048069e-05
1.3822333186140655e-05
1.1214031099082542e-05
7.519515357933633e-06
1.1007474449094058e-05
7.500442645124064e-06
1.4606638336747558e-05
1.7159114445320442e-06
0.0
3.932758951248811e-06
1.555034145000258e-06
1.4694333461758522e-05
1.233355318833585e-05
0.0
2.9052336801914294e-06
1.1322209831425275e-05
3.018862906966419e-06
5.625200708407919e-06
9.711933136736462e-06
1.3599427854192388e-05
1.929544724686233e-07
1.2938717797276899e-05
6.970605433920216e-06
0.0
1.4321883290416724e-05
2.9970565322697846e-06
1.1316553269115909e-05
0.0
1.5315624593532071e-07
9.065912603927546e-06
9.84056177755714e-06
4.919491523057968e-06
1.2730872614004221e-05
9.794638816745827e-06
0.0
6.705489409931188e-06
0.0
6.495057632089675e-06
1.0036356379053186e-05
6.90622853041358e-06
9.285273682178669e-06
1.4094796596561092e-05
1.8140182754469228e-06
1.3126871710971863e-05
1.5339716644812253e-05
1.4340155241244608e-05
7.6005707149980005e-06
0.0
7.629306462689793e-07
5.460155295293368e-06
0.0
8.318624872036592e-06
0.0
9.26122314580809e-06
1.3017075468090101e-05
1.0774924923368368e-05
6.349315695267309e-06
5.196553634482104e-06
0.0
1.0064320688913205e-05
7.184730738154731e-06
4.961701549340637e-06
4.345546060586666e-06
3.2189365612686363e-06
1.1062073068826687e-05
0.0
1.4331457576879875e-05
3.13882249150209e-06
0.0
1.2006115947969563e-06
1.4712320616367808e-05
3.2380684356951446e-06
1.5074588185651613e-05
1.0514132967125754e-05
4.564285199585478e-06
4.707746666216677e-06
4.444060876158103e-06
1.2699629360107152e-05
1.3941588918215017e-05
0.0
1.4754351625164178e-05
1.0169758929825562e-05
4.4438836030262e-06
0.0
1.0818951791802193e-05
1.0486031972007702e-05
5.359778524318856e-06
6.0411591402500436e-06
1.2392189907643812e-05
9.449364984516592e-06
0.0
4.373466395657036e-06
5.295893227217706e-06
2.099748781080156e-06
8.262199147522024e-06
8.762191771165271e-06
6.251094301169939e-06
5.199289448161812e-07
1.5068152504840225e-05
0.0
3.2198089115567707e-06
5.970352715722103e-06
4.475012976565546e-06
7.0649139382130045e-06
2.6463584986641443e-06
1.1105668205471814e-05
0.0
1.250610057953065e-06
1.3057371568116008e-05
2.5821380176969344e-06
4.271991390145913e-06
1.533241821127398e-05
5.158842521259358e-06
1.1060984829453454e-05
1.533829939587938e-05
1.5047161123959483e-05
6.370110778765622e-06
1.3862068705512066e-05
3.554250533652693e-06
3.704457579461246e-06
7.132465105702846e-06
7.885316034215072e-06
1.304663064589827e-05
1.3255882658652165e-05
1.5049742809510678e-05
4.184815289798752e-06
6.644701778941776e-06
1.4991495925032234e-05
1.156530155696114e-05
0.0
1.1249137447698307e-06
7.259470160604603e-06
7.229927787430625e-06
1.5302419255456304e-05
3.756479857861908e-06
0.0
9.151405177959243e-06
9.532050844168566e-06
9.94424555991347e-06
1.3950483609424827e-05
1.2481369704720749e-05
4.481677191026829e-06
1.4463476343332839e-05
8.004416046704276e-06
4.405836389696455e-06
5.464343329159404e-06
8.80455645349122e-06
0.0
1.3377135167999876e-05
0.0
5.8902241233806146e-06
1.219209579107479e-05
2.706228299860045e-06
1.0930915232061932e-05
2.971003058110829e-06
1.055917465189773e-05
1.1796942495806735e-05
8.15750872324119e-06
2.145025960169714e-06
1.2796647394624692e-05
1.1115060027331741e-05
9.933971264549097e-06
1.27362904961135e-05
7.231871993756938e-07
1.9733033001364946e-06
9.193228964808901e-06
2.0235894496477754e-06
1.0867587305756673e-05
7.229445237020279e-06
1.4681849135595226e-05
1.2051166620301775e-05
1.2177669627413427e-05
1.3226404461381603e-05
1.2603862267576404e-05
9.173890366330387e-06
2.822470947417765e-06
9.87664949565786e-06
1.238534399583832e-06
6.128874315618928e-06
6.42199355059648e-06
1.4076506910222372e-05
1.2203813707295163e-05
1.2148984885356248e-05
0.0
1.3648809626066258e-05
1.3969822267048305e-05
1.139306031717459e-05
2.9357944707922697e-06
2.513826717857051e-06
9.939440512554217e-06
1.6607346892292295e-06
1.3168955740783281e-05
1.1713505298296172e-06
6.509209931206828e-06
1.335804619280373e-05
9.803400556851231e-07
1.2758978750114374e-05
1.3810585719991446e-05
1.4536268171800654e-05
3.642362982605367e-06
1.5609296492476535e-05
6.276862542235589e-06
0.0
5.178347111850745e-06
1.4125878357207463e-07
1.5286247619992181e-07
7.004252696065058e-06
1.1505922354140114e-06
1.2791139016107926e-05
8.678309919583023e-06
1.0907062787879768e-05
4.796931462008393e-06
4.653716411151293e-06
1.1991973794433981e-05
1.57596703452184e-05
5.157610219278592e-06
1.028493119537981e-06
1.527543460780935e-05
7.574258970018821e-06
1.0539892964114939e-05
1.3773343664742436e-05
1.574383921549126e-05
1.5376894328901527e-05
0.0
0.0
1.40783196049156e-05
6.49323830406995e-06
1.385905042630756e-05
7.178269182363162e-06
8.252271780782404e-06
5.925280641309341e-06
7.6068105241298826e-06
1.578784932757336e-05
5.1881414543544055e-06
2.5048784212819374e-06
1.3029915418477844e-05
1.0792361849203735e-05
1.2892976183164196e-05
1.6821731557303265e-06
3.2886025736752628e-06
4.178763265000988e-06
5.308455429636731e-06
4.6883724859603294e-06
2.6120769684321726e-06
3.3384803439387177e-06
3.1215429286176005e-06
8.627616397105867e-06
6.079743546280672e-06
1.5016860743210293e-05
4.402529281547577e-08
5.417455511277919e-07
7.5434893717907395e-06
9.35784449928593e-06
5.863557467866981e-06
1.209847517578969e-05
1.499337776230709e-05
4.699684971111622e-06
8.280947171643115e-06
9.23937926198924e-06
1.5802010856315028e-06
1.894603981230533e-07
7.181014334977126e-06
3.4911776626662077e-06
2.7626323114537666e-06
3.0315309068223286e-06
6.466114279290274e-06
5.116801409585121e-06
1.1019134515433405e-05
7.371265394795648e-07
1.5311122964459212e-05
1.5152329649307143e-05
0.0
9.241580907004463e-07
8.11676431726263e-06
4.714401430544957e-06
4.23138183224914e-06
3.856122364543409e-06
5.080249067878716e-06
4.299711069658884e-06
4.580561106118791e-06
1.0676521042751036e-05
4.6556939981608335e-06
9.100274150507772e-06
1.1136654365870849e-05
2.1143664012587487e-06
1.316163721316978e-05
1.2782091383380705e-05
0.0
1.0479833446487287e-05
0.0
9.457624123396705e-06
4.091971437842121e-06
1.0616510207499375e-05
1.3358573163563584e-05
0.0
3.2603238245124816e-06
4.048601465756201e-06
4.088774207173668e-06
5.863394748656274e-06
1.7162621974059591e-06
1.3632918259783867e-05
2.306605703772513e-06
1.3334781667456277e-05
4.793212235919645e-06
1.0454688864162207e-05
1.1975689944026932e-05
1.302187597808996e-05
1.3226479123441791e-06
0.0
1.2552723156909008e-05
0.0
2.2429707030628127e-06
6.917138992975223e-06
7.540375522102876e-06
0.0
2.800931416888862e-06
1.5850895636113496e-07
0.0
1.332657117582004e-07
0.0
4.863849589029713e-06
6.128723829056968e-06
1.1564643372383578e-05
3.5578072660000156e-06
2.829908747912452e-06
7.4607268675874925e-06
3.911097234183312e-06
9.220648679190188e-06
3.026084273957772e-06
1.2755239436237644e-05
4.421083128258803e-06
8.311743257218527e-06
7.032623057462343e-06
1.1926436531874563e-05
1.3715373586269476e-05
9.156208691599793e-06
1.2288728200646824e-05
8.620871835683463e-07
4.6850689459168805e-07
1.3465687383548187e-05
7.95079075128947e-06
8.273269443109456e-06
7.666388392016022e-07
0.0
1.1632443896018152e-05
6.1553802087459495e-06
1.55839069292223e-05
1.4818512142502294e-05
9.491708479367539e-06
1.4130325464471068e-05
5.447900947775663e-06
1.3022505645946934e-05
1.3342109121089792e-05
4.493067135149209e-07
0.0
1.4675188728484725e-05
1.0208074573133861e-05
1.2229476449318877e-06
9.03573557424585e-06
8.401702814017717e-06
1.562055371103585e-05
7.88556103904802e-06
1.2908524208804978e-05
1.110054369944956e-05
7.918037899750539e-06
8.785369147722948e-06
4.797318997717768e-06
6.832341193463529e-06
2.6752034250319025e-06
1.1375563168730876e-05
1.4024697619076015e-05
1.4659185846228207e-05
0.0
1.4924140931232673e-05
6.943109658045569e-06
8.300255881125465e-06
3.6546323486886612e-06
6.455386434343945e-06
1.4052868102165189e-05
4.1678789317238755e-06
4.5039422487803055e-06
1.5126421514212784e-05
1.2651011986927916e-05
9.609473097097333e-07
7.228272512070644e-06
3.620998871857692e-06
8.584623580182486e-07
4.957317239691033e-06
6.710784072051808e-06
1.0051444970997851e-05
1.2513125817159968e-05
1.533792228428284e-05
1.4202143464903969e-05
7.548716155042152e-06
2.7320807837735714e-06
4.4435017545477446e-07
1.540693386556682e-05
5.47517736608513e-06
0.0
0.0
2.195238443261533e-06
9.532412907769192e-06
0.0
8.66577861930235e-06
0.0
1.3753131558104444e-05
1.5055474808081728e-05
2.5192196973971307e-06
2.894550481052011e-06
6.664036440557428e-06
1.1156793848803716e-05
5.320491422795806e-07
1.1171709984689823e-05
8.79669025716268e-06
0.0
8.373073006805567e-06
5.140012936772239e-07
1.0840146075211722e-05
1.3752648608319287e-05
5.267968027744204e-06
1.2417930860189547e-06
1.4485643542393526e-05
5.987944666326129e-06
7.889818280946317e-06
1.2967061601485699e-05
7.924201432191596e-06
5.195759222776465e-06
1.3475388193222624e-05
0.0
1.1338521830149803e-05
2.232619032879559e-06
0.0
1.8198474993737134e-06
1.3554361110124685e-06
0.0
5.37409810890296e-06
9.226321718763552e-06
1.7009800312058694e-06
6.361424225399391e-06
1.5156601152171637e-05
2.4456061245713425e-06
0.0
1.1598291795294133e-05
0.0
1.0276590723772037e-05
1.3995377768881263e-05
1.1109423649866183e-05
1.8127599767635506e-06
1.5078823306766617e-05
1.0691790539554525e-05
7.823816922313204e-06
5.213329679392589e-06
6.6311745448316814e-06
1.2995690706875657e-05
3.2123581929817335e-06
2.3232035002681482e-06
1.3690980703821638e-05
3.402450974531746e-06
1.1156208235142696e-05
1.1069853793006477e-05
1.694913471596751e-06
7.890602699927584e-06
0.0
3.244747030190837e-06
1.0473707054122312e-05
3.023444590805398e-06
1.5243964462927546e-05
6.642697153934475e-06
1.2197457049399838e-05
3.0091960356441097e-06
0.0
0.0
0.0
1.038646098206134e-05
5.3961983029988315e-06
1.1966096236251012e-05
6.126102899352684e-07
1.4732948168884775e-05
1.0699849666773807e-05
1.4343758854562169e-05
8.422088915771837e-06
3.99093717025089e-06
5.807213952994904e-06
2.2049000813048273e-06
1.330278728401789e-05
1.177059895982893e-05
0.0
8.26454033752848e-06
1.4381604287690035e-05
9.952428045654723e-06
1.0157757124764066e-05
0.0
1.539513573645742e-05
4.7533501408816373e-07
0.0
9.663932476275486e-06
1.1496693443188235e-05
1.1863343546933748e-05
1.126161590590146e-05
1.4224250020053844e-05
5.972103155493592e-06
7.23963317459177e-06
6.614861479955256e-06
6.97180276686001e-06
1.1699584617373259e-05
0.0
1.2835974735879027e-05
2.854930721239857e-06
4.897773046698629e-06
5.886858196291635e-06
8.966274829242368e-06
0.0
7.440614425241311e-06
5.621116261739825e-06
6.928998087487797e-06
7.544650203574717e-06
1.3681799091674356e-05
1.308797193636041e-05
1.4697780908222884e-05
1.2013221272226863e-05
1.3576043899735347e-05
0.0
0.0
0.0
4.15293028415109e-06
9.640115060938253e-06
5.412822981590745e-06
1.0393792707015811e-05
9.642757137992085e-06
7.657723298460181e-06
1.2687531549906249e-05
0.0
1.270178231999689e-05
8.527955771342175e-06
7.880897867893452e-06
1.2386363928353619e-05
1.0106449150362466e-05
7.332567553948559e-06
1.334593220613378e-05
1.4836791261173636e-05
4.852326407733288e-06
1.4134086382612932e-05
0.02952995972894038
0.0
7.924903232922503e-06
1.052791438738089e-05
2.777407812174372e-06
1.3223331855031983e-05
1.010668498706251e-06
1.3202571829966265e-05
0.0
6.167897226245846e-06
0.0
8.41286208986617e-06
1.1357594213218714e-05
1.3315796673261654e-05
2.101520853049796e-06
0.0
9.749605264150219e-06
1.124528547980296e-05
1.1519274786176268e-05
3.528957529091761e-06
0.0
1.4216142279581314e-05
0.02952995972894038
1.53607665169382e-05
0.0
1.190470625245483e-05
5.57982968445371e-06
6.253757401213559e-06
1.3939148713104917e-05
6.490136171450517e-06
6.920605832370624e-06
3.310502433930686e-06
5.677730739006272e-06
1.4484346783228238e-05
1.527583393503994e-05
5.626424369212859e-06
8.866711380004035e-06
3.2936667484521674e-06
1.4711312676434673e-05
5.307623809824268e-06
5.811156783103621e-06
0.0
0.0
1.4479854078405631e-05
2.645053993750073e-06
3.6202873976203904e-06
0.0
1.1906525303037411e-05
1.3240116590652508e-06
2.460568014092943e-07
1.0015513829015125e-05
4.984458849230618e-06
3.0786754734532907e-06
0.02952995972894038
4.501056300898847e-06
1.3812798507547643e-05
8.519734144266901e-06
3.745216183978832e-06
9.317941027298057e-06
1.5170770890856567e-05
3.244553954032582e-07
3.4035079176042504e-06
0.0
1.4634598957020157e-05
8.487416874846128e-07
0.0
1.0420903765028015e-05
6.303672492590907e-07
1.4969074503670903e-05
0.0
1.4724674731336387e-05
1.2772639049682847e-05
1.3422683020885584e-05
0.0
0.0
3.393356885212643e-06
1.1120479007939915e-05
9.135777145047606e-06
1.516177147159123e-05
0.0
8.29051120409789e-07
0.0
7.700776565321875e-06
7.5971479575124734e-06
4.950810398983994e-06
6.939218538235877e-06
1.657344643357895e-06
5.42726852618185e-06
1.5664756831682426e-05
1.4752795681617994e-05
3.190160761386103e-06
5.636125180172043e-06
1.0171580193408338e-05
0.0
1.3876619228840154e-05
0.0
6.189334503351342e-07
3.685413072591071e-06
3.6302936880827807e-06
5.063781698623401e-06
1.2001266222451487e-05
1.055948114026983e-05
0.0
7.268785889758838e-06
5.70835105785163e-07
1.5531392044142627e-05
1.1646616686787327e-05
1.08123248073329e-05
0.0
1.1191149519166252e-05
4.228517330674192e-06
2.8963106220967387e-07
1.0912822311718906e-05
1.2558514525059395e-05
7.719734509436753e-06
7.041105890441118e-06
1.015359065875271e-05
1.4683100814779135e-05
3.002282021329269e-06
2.519856579218843e-06
5.63559511135789e-06
1.684737247165408e-06
6.565793115622287e-07
0.0
2.9598763128292413e-06
8.099912531878857e-07
7.208922923356759e-07
1.2291394618458051e-05
6.658986825950829e-06
0.0
5.009373745818595e-06
9.771009970560783e-06
2.0327594029604263e-06
9.568674715210232e-06
1.4401866571350993e-05
0.0
0.0
3.123705574528308e-06
1.2251273013823766e-05
6.774362934950693e-07
1.3873827384590885e-05
0.0
1.1597073838485073e-05
2.8665584447721678e-06
7.148523959059042e-06
1.2033249097356862e-05
6.241325866033145e-06
6.0495396175913724e-06
0.0
9.203458404686424e-06
7.090165018463373e-06
9.219143623049429e-06
1.3652032500201822e-05
2.829006422918471e-07
1.35165730219631e-05
9.302051997821449e-06
1.9980048003330693e-06
1.4633788578526187e-05
3.136960423358634e-06
6.203840303804535e-06
1.7094651002285906e-06
9.23467902355053e-06
1.1765880158435636e-05
1.0760934658849176e-06
8.298291964146362e-06
1.49163721900687e-05
3.890525588396068e-06
7.404132201741243e-06
9.104051637165446e-06
1.1438314763953e-05
6.95126307624283e-06
7.510944828282552e-06
2.5687317592858395e-06
8.475859064425132e-06
1.0932406991040246e-05
8.92119056811256e-06
4.310093579478865e-06
1.1636213570283917e-05
1.0157796483510547e-05
8.778698276065252e-06
1.0559535728124575e-05
1.1080817038284905e-05
1.6066807247711574e-06
0.0
3.426457880785506e-06
1.275054769410181e-05
2.743382422933923e-06
4.5496978756922265e-06
1.4377188656247418e-05
1.5459967865290062e-05
5.408708362533949e-06
5.056811813813758e-06
1.3131609821350925e-05
8.182803418882169e-06
1.018795897277969e-05
7.074256931314502e-06
6.835449683794252e-06
7.806908210893052e-06
7.753151472763152e-06
6.097729168213795e-06
8.37202612961591e-06
6.106110696417081e-06
1.3122420319676451e-05
1.0802460550778177e-05
4.271101576352345e-06
1.2446444098062187e-05
1.4007319842772477e-05
1.533747318498831e-07
0.0
9.304594730525142e-06
3.0526881000512244e-06
3.9675926647895935e-06
1.8063169972286291e-06
3.6802426090645518e-06
1.4010797784431446e-05
0.0
1.3768261177312085e-05
1.4759338603873361e-05
1.5491413578567285e-05
1.3945919133359368e-05
4.264164401430898e-06
5.239507611344478e-06
1.4280885058099448e-05
1.163004852093554e-05
1.0783144901044342e-05
1.3026994217987167e-05
0.0
0.0
1.3732810636811878e-05
2.668212521661076e-06
6.368672582300132e-06
7.676858169579978e-06
6.060700898174288e-06
9.056126354581924e-06
6.186589682785851e-06
1.498385470187525e-05
1.2889234998992421e-05
0.0
2.518580068211234e-06
1.447466131595164e-05
1.4339485322919306e-06
1.1174310592975979e-05
1.4389395504446654e-05
1.052621179068753e-05
1.4459521491532438e-05
8.561718819086837e-06
1.3176097998203931e-05
1.2656987327245352e-05
9.870015583448974e-06
3.111885814191615e-06
0.0
3.413295297835095e-06
0.0
9.43259344779398e-06
1.2891019188409241e-05
7.038126383015444e-06
1.5530850846596533e-05
2.7856942073506506e-06
9.4727128709653e-06
4.3313775376575e-06
1.4194507028687556e-05
1.176657452275077e-05
4.5173476840221616e-07
9.185674521194629e-06
1.0402194102683565e-05
1.3703623471750705e-05
9.388806795511223e-06
1.278997295270409e-05
1.9046823645709529e-06
5.766945958892834e-06
1.143237110909188e-05
3.212196595074351e-06
1.4185458982211964e-05
0.0
2.0945207803609042e-06
7.251476365732795e-06
4.84528711366981e-06
5.983213708543341e-06
1.5052162546960515e-05
0.0
1.5406702397892353e-05
1.1389349402013604e-05
1.1058337749950678e-05
7.54456443510811e-06
0.0
2.324703265738127e-06
2.873135416391642e-06
3.5354583171333295e-06
7.203321150995273e-06
9.200180338005546e-06
1.0077530254200122e-05
9.097375834035405e-06
1.0084755232601868e-05
1.2463714869928453e-05
1.2794122991560785e-05
0.0
5.816878092797957e-06
2.559824727107899e-06
1.518670720869581e-05
1.334948669512145e-05
3.8119069228257803e-06
3.246355597117713e-06
8.929081385302872e-06
9.263989820366144e-06
0.0
4.443834677374429e-06
3.1551952628262106e-06
3.209082034044233e-06
1.0553796220096291e-05
1.2009749779566235e-05
1.29180550377169e-05
4.244219937067192e-06
6.485434897424099e-07
0.02952995972894038
1.3897879693904034e-05
7.867927921758428e-06
7.72723602379745e-06
1.400653363859785e-05
3.916878320403316e-06
1.7499738241162147e-06
1.4121541142881769e-05
6.642151533183709e-06
8.430353206703979e-06
1.9087839699352358e-06
8.21652065709279e-07
1.4934990350907982e-05
4.9960768895638536e-06
1.2516423646241768e-05
8.498694673082017e-07
2.8463591825132197e-06
5.296919350811418e-06
4.400693117927231e-06
3.3405053931027663e-06
6.431432890396754e-06
8.500521324105035e-06
6.146032064790123e-06
6.200977504748375e-07
1.7693588935894617e-06
0.0
2.1266890438712696e-06
3.664092967474549e-06
0.0
3.4002714690092674e-06
1.4194512601702896e-05
3.712397253570626e-06
0.0
1.2268378994886642e-05
1.18053102831452e-05
1.2476161560390165e-05
6.62262506538596e-07
0.0
1.4230959738767318e-05
6.355051565632586e-06
1.1255655257003183e-05
1.4818705461816013e-05
0.0
1.49358201439016e-05
1.0783876142731146e-05
9.361457098266793e-06
1.7288301125296688e-07
8.13592040305849e-06
1.4655967419613869e-05
6.432624058458495e-06
2.882260642580266e-06
6.8248011849993264e-06
8.662048135083868e-06
2.3736502289119353e-06
1.2795062850145715e-05
1.0421872444917574e-05
1.542570905179962e-05
1.4177419653676275e-05
0.0
1.2072690985255177e-05
5.604321924231381e-06
0.0
9.460127179106013e-06
1.4021365349860281e-05
1.2856823330310685e-06
4.47975945091323e-06
0.0
6.884018509619606e-06
2.98869561002059e-08
1.4054935602951302e-05
1.4541765935661433e-05
9.497877858138962e-06
7.771735515479254e-06
1.3244214802739632e-05
3.306925624211556e-06
5.520693433908941e-06
5.179169900591816e-06
3.5667900884670962e-06
1.3536543795294128e-05
7.098439293224048e-06
1.2687651502932994e-06
6.716902746415205e-07
8.307988671590824e-06
6.066085995182522e-06
8.884731959759148e-06
1.5256411461719676e-06
7.199102725132388e-06
1.3425237914296167e-05
1.3039309658420332e-05
9.793012550413272e-06
8.436356884126264e-07
4.182312180706952e-07
2.1134708933179964e-06
2.239475913011668e-06
0.0
0.0
2.4597214826081956e-06
2.5747207619850984e-06
6.554699421278903e-06
5.769558598243368e-06
6.632546251140656e-06
1.1903810294968282e-05
1.4314537741316318e-05
4.505554075080314e-06
1.204540293999514e-05
1.3115483799840888e-05
8.213291938084502e-06
1.300669248472447e-05
1.1430764022987469e-05
3.4032338808360493e-07
8.440873020538311e-06
9.134072039831089e-06
5.442860690538187e-07
1.2937424609230904e-05
9.361053835582314e-06
2.715230051176877e-06
1.4105062850347283e-05
9.590437310141693e-06
9.563580138469966e-06
9.469052037061828e-06
4.578592215505233e-06
7.969873391237475e-06
1.3184807149889936e-05
5.9253117540224395e-06
3.2664441002075392e-06
4.54451312979203e-06
1.4065775792447781e-05
1.4833774869292658e-06
1.106952906072994e-05
3.228265670723808e-06
0.0
6.2589273655350686e-06
1.136917600862197e-05
2.606066905083171e-06
4.6187922142838065e-06
1.3783932544440923e-05
8.806572378622147e-09
9.408420344740447e-06
7.535738493397025e-06
1.5175968853289406e-05
0.0
2.622108064335635e-06
1.4474999160781868e-05
1.5547771606685845e-05
1.025496041906758e-05
6.945313957101719e-06
7.277444303129728e-07
9.928728178235184e-06
5.940670756932289e-06
3.1201181968082146e-06
0.0
8.796667176804133e-06
0.0
0.0
1.337896598273948e-05
9.057801657165915e-06
9.036127651066295e-06
1.2604035657441455e-05
6.295445552629458e-06
1.0043231610412254e-05
1.3600257790078278e-06
1.524054145363344e-05
7.421697757872866e-06
1.058381796178736e-05
7.052609490405205e-06
0.0
1.0564608543678754e-05
0.02952995972894038
6.399772331666056e-06
1.2496768829616836e-05
0.0
1.3182345639070286e-05
6.969972052181851e-06
5.506593944521676e-06
9.414128633110563e-06
1.0321220680185375e-05
2.326027426284133e-06
3.950296923054223e-06
1.1244222091822008e-06
1.1466592174846217e-05
9.796913920335787e-06
1.4009258962092929e-05
4.7235561164361555e-06
0.0
5.016641303876909e-06
1.0790150039267331e-05
1.9459542467721975e-06
1.0516939754739549e-05
2.5421010246166697e-06
0.02952995972894038
1.4599508772989576e-05
1.536355322992883e-05
5.76733212557743e-06
7.112597710318384e-06
0.0
7.292966706307472e-06
1.3404386078307306e-06
1.1707768908872752e-06
6.740001697995201e-06
7.1395806127218616e-06
8.908855262563568e-06
1.022378696557234e-05
0.02952995972894038
1.1619091899739404e-05
8.552148244443844e-06
9.20259244403571e-06
1.1685590201184487e-05
0.02952995972894038
1.15138165846878e-05
4.3206555566844485e-06
6.7554331671588046e-06
0.0
5.3440204576538095e-06
0.0
6.456231111193644e-06
7.316736931984187e-06
4.513555514305562e-06
5.828768362749659e-06
4.869230664576532e-06
2.017447916426322e-06
1.0875977285954778e-05
8.894233794228555e-06
1.2835730086959186e-05
9.400631308729853e-06
2.503801412702838e-06
1.5369287674311494e-05
1.95720558674728e-06
1.0198739211182369e-05
2.5053566513808745e-06
1.3922334549752869e-05
8.0844898130492e-06
7.204423852002079e-06
3.850894923260065e-06
1.2334857991969457e-06
0.0
5.458083389916688e-06
2.8684140279912137e-06
5.354138830723188e-06
0.0
7.530799771971777e-06
0.0
3.5948811627468185e-06
1.978884248808381e-06
8.27690806104986e-06
2.4725687183831067e-06
6.687278058052041e-06
0.0
3.62048954564442e-06
0.0
1.2267171018181907e-05
1.1068633211231927e-05
1.52772641879424e-05
2.391519720610521e-06
1.1652759949863332e-05
0.0
9.531100941195671e-06
1.0515176280644728e-05
7.484984235974054e-06
1.0798915365843064e-06
1.0784746829360102e-05
1.4034914926007677e-05
0.0
8.164732298636584e-06
1.5540686013920916e-05
8.280779760292684e-06
0.0
5.6412631521342825e-06
6.823882273847511e-06
1.0477315484190982e-05
4.321840400118929e-06
2.748962787429884e-06
0.0
0.0
0.0
1.1935802587404946e-05
1.3641867995160863e-05
5.619675226399303e-06
1.5312526406876936e-05
1.4278416575846063e-05
9.648496554272999e-06
0.0
8.497734312836467e-06
1.3126590704581467e-05
9.331400442687779e-06
0.0
0.0
1.408764101348992e-07
1.5322022127653513e-05
1.2599625755856157e-07
7.753749914012483e-06
0.0
0.0
1.942851008670363e-06
3.0497827502151586e-06
0.0
0.0
1.2127100510531148e-05
9.61841510600102e-06
5.9566308404469004e-06
1.1635590038053013e-05
0.0
7.778604094582922e-06
1.5490716431159077e-05
3.6557163398019024e-07
1.047092171322575e-05
1.3746782846336316e-06
3.5019606888565483e-06
1.0748310387799304e-06
1.2328583032363824e-05
1.460428178747529e-06
0.0
1.421907994933899e-05
9.736105042109513e-06
0.0
0.0
0.02952995972894038
1.3380860889368804e-05
0.0
1.0290709002860079e-05
1.2454328281472218e-05
7.23628237107745e-06
3.897874254262254e-06
0.0
0.0
1.0403903062372322e-05
4.846455913642168e-06
6.172782869291223e-06
8.47373927758286e-06
3.8757839633751043e-07
7.344001210370968e-06
4.8196249329319995e-06
0.0
0.0
1.2528605655542943e-05
2.0700041884878945e-07
1.0403776815139624e-05
8.457092860769306e-06
1.189938163274701e-05
1.5569347235601864e-05
1.2698895229180333e-05
1.3222601354658645e-05
9.192002871961764e-06
1.5771927948980961e-06
6.924697093324699e-06
4.080065122796801e-06
1.1651170461924106e-05
1.3045753401623641e-05
1.240922998541159e-05
7.422184750619136e-07
0.0
9.710744412601252e-06
9.803336089028057e-06
5.604669880278796e-06
0.0
0.0
1.1158306157643886e-05
1.3881875598575529e-05
9.679670345160438e-06
0.0
0.0
1.0443605650212772e-06
9.182259788136671e-06
0.0
2.547467301404267e-06
0.0
2.919542400559479e-06
6.640344978698743e-06
2.1659923941583603e-06
7.698104467016317e-06
1.183893866409214e-05
1.4338512831272288e-05
0.0
4.5440764584879995e-07
6.108629965916919e-06
0.0
1.298805240282508e-06
1.4179675403147943e-05
1.1336882632630472e-05
0.0
4.3190941322162214e-07
1.0604913303286579e-05
1.341618826063741e-05
1.1958831710270233e-05
1.2080483997125621e-05
1.6552586421216405e-06
1.3172130025553816e-05
6.460595609043477e-06
8.234659573403564e-06
0.0
1.512612170125283e-06
1.5205783727890234e-05
9.906905899177072e-06
1.1204122572670582e-05
4.822237466009071e-06
1.0721472564716558e-05
5.333143144530871e-06
5.50973983653376e-07
0.0
6.411247421894999e-06
1.058518782276962e-06
1.158884431529832e-05
4.145181115800532e-06
1.3102312829447084e-05
0.0
2.4579122108054934e-06
0.0
8.174114871610937e-06
0.02952995972894038
0.0
9.183608085495487e-06
0.0
1.527588846183705e-05
1.2914052129114416e-05
0.0
1.1308756308609541e-05
1.1974556306714723e-05
4.2124481551411275e-06
1.516771394783333e-05
1.2600765578193872e-05
7.2353582964482165e-06
0.0
1.373214916378379e-05
7.946964592398982e-06
0.0
4.029984754458164e-06
1.059257901742939e-05
0.0
1.439336393050233e-05
9.701602966264499e-06
3.0483926608153073e-06
1.2006036908693954e-05
9.69936858963162e-06
1.4736791682779091e-05
8.505648089938788e-07
1.1620671551518745e-06
1.1757078572829618e-05
4.956713514132875e-06
0.0
1.562070418156933e-06
4.025291677595496e-06
0.0
0.0
1.0234780648749e-05
2.5093988182801458e-06
1.3558923971539809e-05
1.4327660720288479e-05
1.2199863888497521e-05
0.0
1.5176261953493309e-05
1.9175837294773376e-06
6.459483889675167e-06
8.588885474591883e-06
8.382416263605705e-06
1.2895725778682704e-05
8.694503920096201e-06
1.1160502872961357e-05
0.0
0.0
0.02952995972894038
0.0
2.581861136339501e-06
1.351839600522663e-05
0.0
3.3877773615954476e-06
5.8084767303876e-06
0.0
3.308542590244724e-06
1.1690029571609482e-05
1.2131144878492534e-05
3.632695377560574e-06
1.6672631230814672e-07
1.5521909060330134e-05
1.0485927312915902e-05
1.1519970646476026e-05
9.535276946119015e-06
1.1928413095855395e-05
2.0147399514503362e-06
0.0
1.1701363963905584e-05
2.0221905094456754e-06
0.0
1.0069432312577028e-05
6.718233998362912e-06
1.769952125682067e-06
0.0
5.173318342375271e-06
1.908239752086471e-06
2.719439273360196e-06
9.363699889692793e-06
0.0
0.0
0.0
1.1022621412832863e-05
1.2767288688790512e-05
0.0
3.711407169484773e-06
8.075514183587118e-06
4.08731658489829e-07
0.0
8.722392774570288e-06
4.4490554214407094e-07
1.4160445205605539e-05
3.3450375503263468e-06
1.378812295681276e-05
9.394788917005735e-06
0.02952995972894038
1.706915166634404e-06
5.211417281455164e-07
6.086555470638434e-06
9.878130241203565e-06
0.0
1.4815496712688016e-05
1.4372823805589945e-05
2.9781947544085676e-06
1.1301396444558834e-05
6.341924184827127e-06
9.791082304685968e-06
1.2127372803020628e-05
0.0
0.0
1.068926334716646e-05
1.472588019622346e-06
8.11647094486625e-06
1.3286216663385964e-05
1.3147342830641721e-06
0.0
4.444871129102269e-06
4.934558040962358e-06
3.544647210967119e-06
5.526651918298311e-06
1.6008783822901912e-07
1.239546622956464e-05
1.1482421092008488e-05
0.0
3.7978440762335504e-06
1.0803926854542975e-05
1.2341689138346539e-05
6.083788290148e-06
1.043001132954244e-05
8.79248573792469e-06
9.258257043816508e-06
5.671896448471598e-06
1.2226482652640678e-05
0.0
2.0723596128812513e-06
5.752251221242343e-07
1.535664503626111e-05
1.0233188447099602e-05
1.1996108916953214e-07
8.60182326874321e-06
5.305353705010946e-06
0.0
1.2489449638067819e-05
2.5040740632671194e-06
5.5926352763770035e-06
7.779033626366314e-06
7.988210859642242e-06
7.951274224807965e-06
0.0
1.4203727857838207e-05
1.1434872822109855e-06
8.976427335658291e-06
2.642477210509644e-06
4.546131643154071e-06
8.870058859799204e-06
4.054920799872411e-06
0.0
1.0995418420027503e-06
1.2090303789409528e-05
8.24862163471913e-06
1.556084249647182e-05
3.945270518651551e-06
0.0
0.0
6.583630904266565e-06
9.33322655658683e-06
6.2335344371482214e-06
3.5261515701830206e-06
1.3883799299026623e-05
8.072509541886183e-06
4.165987414099858e-06
9.811140743678525e-07
1.1484585162535517e-05
4.372422767400001e-06
1.009835352299263e-06
8.959366571429619e-06
6.097258988513492e-06
4.908127065287763e-06
9.817902938057039e-06
1.3453710635989208e-05
1.866092802862233e-06
1.2482565944681454e-05
5.995350013834372e-06
0.0
7.882832191960911e-06
8.34154838409556e-06
1.1437874071508673e-05
2.9605599066637317e-06
1.2935667734359048e-06
5.572386927206017e-06
1.4044478165757608e-05
1.0491646015309655e-05
6.452604256707712e-06
1.561252984409924e-06
9.48749322910323e-06
7.863935704722083e-06
1.2460072041458264e-05
1.2956287979760755e-05
8.708567181457419e-07
7.335612910881964e-06
6.123645451987631e-07
1.4347753815538278e-05
3.116257964487723e-06
1.118015377832685e-05
1.349515622733078e-05
1.3605971734037704e-05
1.2316037205856931e-05
0.0
1.4026201745117342e-05
1.2091316126400575e-05
1.4619946729237691e-05
1.2792664816279102e-05
1.366299886020954e-05
2.4976204256323964e-06
0.0
3.1856782517000493e-06
7.15248008174514e-06
5.552773392533156e-06
6.104038143714833e-06
9.051876170196654e-06
1.0648285469859943e-05
8.11916641565556e-06
0.0
1.0046303135122347e-06
0.0
0.0
6.96027866783638e-06
0.0
0.0
0.0
9.060330948525628e-06
7.037972830594084e-06
2.9419511201260026e-06
1.240925341221296e-07
2.642966424977269e-06
1.3230819729961067e-05
0.0
2.4433677028151592e-06
1.353880108616615e-05
1.0970102812134244e-05
1.3886963591095967e-06
1.289900652355592e-05
2.67703458086071e-08
0.02952995972894038
3.499302563570152e-06
1.3734447516055411e-05
7.30387280519365e-06
1.1508793806682344e-05
9.05793107254641e-06
9.32020664588564e-06
2.8301619334365857e-06
2.6524463474396824e-06
1.3667126392453993e-05
1.539112447668109e-05
3.91729345966349e-06
9.418839491793587e-06
2.896584655547424e-06
0.0
1.1132266165830319e-05
2.303399790173716e-06
1.3832194912802286e-05
1.3804789114461636e-05
3.652159935414376e-06
1.5059018247985646e-05
1.0440183623711725e-05
5.71138831264527e-07
1.325496374507665e-06
6.101009424027099e-06
1.557115655815042e-05
4.104228990545312e-06
1.374462482907798e-05
2.88143285464915e-07
3.2381953213311772e-06
0.0
0.0
0.0
0.0
0.0
0.0
6.7541555587685515e-06
2.557607221466975e-06
3.1095259853956323e-06
6.6387614123582925e-06
5.7079931556042627e-08
1.2336031953563912e-05
3.2008593859191736e-06
0.0
6.7531747627390554e-06
3.4744200066485087e-07
6.0582755024571966e-06
0.0
1.2033507022976955e-05
9.660243065841953e-07
7.01250083078876e-06
1.3009798380904548e-05
7.629841917829226e-07
1.3105376125882472e-05
1.3140574172970897e-05
0.0
1.5054771117177533e-05
0.0
0.0
0.0
1.3563731298957636e-05
3.370421113173709e-06
1.1856901741789448e-05
1.3640667754700685e-05
2.3321748586674367e-07
1.1144287404551234e-05
6.262941938383849e-06
4.841221820632282e-06
4.081970649852098e-07
1.1722224108969347e-05
0.0
6.026798450572541e-07
1.1104384163355092e-05
8.563483245670538e-06
1.57014472951082e-05
1.431426227191437e-05
1.3237468606355868e-05
1.3162003702798917e-05
1.0557606948562421e-05
1.2936195046965752e-05
2.213844900511066e-06
9.20620223394516e-07
1.336587525438696e-05
8.21801365839683e-06
5.891384634197909e-06
0.0
4.2371267693275993e-07
1.519269480082885e-05
9.85113583919745e-06
7.349646608450405e-06
2.915339560437865e-06
0.0
1.195820295517357e-05
1.1987434477749704e-05
2.1059503883619726e-06
1.4561287138612077e-05
0.0
6.704635910767725e-06
2.5487460356538676e-06
0.0
9.781233664788415e-06
1.5664021435049717e-05
7.6331552791762e-06
2.8020962661508924e-07
0.0
6.275311119128742e-06
1.0252868442684579e-05
0.0
7.238044054270094e-06
4.281342914282932e-06
1.2191276185256443e-05
1.6086615211407233e-06
0.0
1.0591012430304826e-07
6.976773053646385e-06
0.0
1.4771474650954798e-05
0.0
7.604028413180754e-06
0.0
0.0
7.416934421787931e-06
7.253614331853619e-06
1.4314841755114901e-05
1.1590004649629884e-06
6.795604646571814e-06
7.043395774591963e-06
1.137013158142785e-05
5.9188955788849225e-06
0.0
2.0305685238768688e-06
8.451761116138952e-06
3.431464094813253e-06
7.978776009119667e-06
0.0
1.2505782698926904e-05
0.0
6.4152864966649255e-06
1.2510282689331972e-05
3.449870993443171e-06
1.533790109501964e-05
2.1798344386966203e-06
1.0040245541925514e-05
5.027509870214034e-06
1.4539909639522251e-05
1.4359283720592448e-06
1.2954342460887553e-05
0.0
8.17039998600436e-06
3.4925917016225405e-06
3.6848584209121406e-06
1.2379125698767893e-05
9.894950603125967e-06
8.373493090928936e-06
8.720792659529804e-07
7.517543349728007e-06
1.4218847398557122e-05
4.588327507207336e-06
1.3306734609561003e-05
9.67872193413795e-06
1.5088318256829238e-05
3.19092029416001e-06
4.993940838008463e-06
1.3304001026097098e-05
5.600510487730446e-06
9.034234075971324e-06
1.2610060202742554e-05
1.071908834125031e-06
6.836424991816826e-06
1.4464799037929202e-05
0.0
1.3251465591946598e-05
1.2886522469637033e-05
2.15437251911844e-06
4.282697884860657e-07
1.2407331671598912e-06
0.0
1.3305571573451694e-05
9.235140133356832e-06
4.132561730594198e-08
7.678191564860054e-06
8.248569068166341e-06
4.884331673060429e-06
0.0
0.0
1.087534352025039e-05
0.0
0.0
5.864146523965856e-06
1.444879940345186e-06
0.0
8.94983359531821e-06
7.968527144488309e-06
3.3543358992317255e-06
1.5513192417313645e-05
2.322582088544034e-06
1.370169044862842e-05
9.250777098120838e-07
5.821038756157937e-06
1.029587096429125e-05
0.0
3.181415100960982e-06
7.050046823341721e-06
3.949872738023093e-07
0.0
5.034945717175488e-06
4.889608226703697e-06
0.0
1.1518530934091124e-05
5.468468759902436e-07
6.1369952886384914e-06
0.02952995972894038
1.1965078380383862e-05
7.853681012215805e-06
3.2442744529698274e-06
0.0
6.762715867125847e-06
0.0
6.5480699629485364e-06
0.02952995972894038
7.94653463731435e-06
7.105014690346296e-06
0.0
6.351725376277464e-06
9.154675494107238e-06
1.4988501191941126e-06
5.767994093538433e-06
1.2268537887198598e-05
5.478504923350607e-06
8.448143177393974e-06
5.982983160720059e-06
4.3281192949904085e-06
1.471206815434118e-05
1.481317716721736e-05
1.0214951964122685e-06
1.1158710840165707e-05
0.02952995972894038
3.1285335567668786e-06
5.44024404099335e-06
0.0
0.0
1.1552497130050891e-05
1.28628222846648e-05
9.174463044209896e-06
6.015624639156237e-06
1.0115082345827598e-05
8.253305989547527e-07
2.657738586763918e-06
8.79199440606205e-06
1.1228149676001914e-05
2.8003274702821628e-06
9.291427912325116e-06
0.02952995972894038
0.0
6.74838901663584e-07
4.2431558719941075e-06
2.0149750730696404e-06
1.16339965730359e-05
0.0
0.02952995972894038
0.0
1.1668503160457887e-06
1.4216434288858726e-05
1.1834779214231351e-05
1.722201131711852e-06
1.9425562954649967e-06
0.0
6.212042050841174e-06
1.1514719510048027e-05
9.60248968558667e-06
4.5138979956097015e-07
5.249288793741944e-06
6.85506715210718e-06
8.18983138863863e-06
1.3353410825338294e-05
4.309934767928396e-06
8.26669324299822e-06
0.0
4.660560094627582e-06
0.0
1.3708060013201567e-05
1.2241480107298393e-06
6.240426571466118e-06
4.771074929440457e-06
0.0
4.311016726269591e-06
6.770531740381846e-06
1.4518758091568086e-05
2.1522911732403457e-07
1.4664771423135147e-05
0.0
0.0
1.4196920408899225e-05
1.44247453803461e-05
1.2397745393838609e-05
9.79307453655157e-06
0.0
8.721364772342603e-06
8.432651033294033e-06
0.0
4.313593936095003e-06
2.0802992393553694e-06
1.2422007144207623e-05
3.792383598926347e-06
8.003421961406686e-06
7.586291630770063e-06
6.182831863605859e-06
8.411678865512212e-06
0.0
0.0
2.8741011404628616e-06
0.0
1.111088228710498e-05
1.27866518986386e-05
1.295551963857449e-05
0.0
2.5895220079401353e-06
0.0
5.028373436437654e-06
0.0
0.02952995972894038
1.9967713087422183e-06
1.1099198958180277e-05
1.9624195589475035e-07
5.5491751839060264e-08
8.755683529970751e-07
0.0
1.9277717254765187e-07
1.27402119702569e-05
1.1190055194938194e-05
1.4520001603328855e-05
1.3729283764789395e-05
1.002753258125736e-05
1.008943809297502e-05
1.1147348469911787e-05
0.0
1.2037995440283229e-05
0.0
9.879480591040935e-06
0.0
7.328442843453849e-06
0.0
7.654698033396536e-06
1.2656501577976375e-05
8.7870280597437e-06
7.119835816987768e-06
6.104338293915835e-06
1.4570028148923213e-05
0.0
1.5241471294436752e-05
1.3291356887742598e-05
0.0
9.933531592211793e-06
0.0
1.110026528904786e-05
0.0
5.05981092727678e-06
2.943175082237481e-06
6.1181586775626e-06
4.771217772850533e-06
8.13156758008058e-06
9.671759420510356e-06
1.1421393249212277e-05
4.7922944463932615e-06
9.690873365736206e-06
1.0499844708270586e-05
6.2372290894551076e-06
1.4071663429405355e-05
1.868551436689033e-07
1.993953201479485e-07
5.437688406897614e-06
1.2584826949226129e-05
5.851287277691502e-06
3.295622761949466e-06
6.478677866895527e-06
1.5272703097798653e-05
1.0280137244735138e-05
6.455781622604189e-06
1.0563291458845406e-05
0.02952995972894038
1.975091128794066e-06
1.544467638564239e-05
3.283180769441441e-07
1.164034706164317e-05
0.0
1.4366493910715879e-05
1.4829686360862474e-06
3.9074442699666065e-06
6.9566834368361895e-06
1.5351419409275155e-05
1.1965169643651579e-05
0.0
0.0
0.0
0.0
1.3827441644561635e-05
1.5229477938099534e-05
1.2014203785662299e-05
2.066245918335168e-06
0.0
0.0
0.0
6.8396996439112054e-06
0.0
8.539467462185615e-06
9.02436438670618e-06
2.1390750269954524e-06
9.638814791353684e-06
1.5456974588815753e-05
1.2889914222471859e-05
1.1010590446288902e-05
4.968987672138132e-06
1.3042322333495773e-05
0.0
2.6831810232868323e-06
0.0
1.0503564943050233e-05
0.0
1.3556600920836968e-05
1.2499898003105363e-05
1.2854929135602693e-05
1.5084510196260314e-06
1.2584841905113116e-05
8.401084825831043e-06
1.1581314112414403e-05
6.9474989846498484e-06
8.693786748014402e-06
0.0
1.2284789168567123e-05
0.0
1.1940401540257432e-05
8.071950986867892e-07
2.256573693158352e-06
2.5007469439699537e-06
0.02952995972894038
1.1028415764523368e-05
1.1702075156098119e-05
1.4372040037450396e-05
8.198922619457718e-06
6.7730992399057915e-06
1.397550902695279e-05
9.192112647994752e-06
1.217877953271497e-05
1.0888191842036763e-05
0.0
1.1817089087059927e-05
1.2102298365359765e-05
2.1517298848165695e-06
1.3569517964512759e-05
4.209998808663062e-06
3.526341725211158e-06
1.3377126464293065e-05
8.051011924761227e-06
8.859073768765084e-06
1.2102543475691307e-05
3.5744298912954897e-06
0.0
1.340192822661078e-05
0.02952995972894038
8.392839159053733e-07
1.4985953446819844e-05
5.145327518874284e-06
4.3340515153724126e-06
1.5402052104529898e-05
7.587968280501339e-06
1.647266095051033e-06
5.427392799416301e-06
7.138133997461672e-06
1.3716715245225526e-05
1.1543723436516976e-05
9.665093590849537e-06
1.3220740280827624e-05
0.0
0.0
4.409026195637983e-06
0.0
1.4286775857077521e-05
1.3490180850461371e-05
5.127461646922536e-06
4.572980611881493e-06
0.0
1.3548580454662856e-05
0.0
1.5825215975086452e-06
1.1183117821149292e-05
1.3968015257446278e-05
0.0
2.8829668453452884e-06
0.0
0.0
1.2390803957469225e-05
8.481022949400725e-06
0.0
1.2306459825738118e-05
2.3614391053500197e-06
1.0101325120059344e-05
9.150414171556294e-06
0.02952995972894038
7.743487431779701e-06
1.0073092296073479e-05
7.735915150496795e-06
9.563788529611039e-06
0.0
1.8741558946360788e-06
2.3308459491406523e-06
2.9625942535028623e-06
4.258994442205192e-06
1.0267440112222926e-05
5.403135990011867e-06
1.425288822931874e-05
1.5446878339749234e-05
3.645476427718799e-06
2.8821567351367607e-06
7.773321654629936e-06
0.0
5.9461632353620275e-06
0.0
0.0
0.0
1.2343026666306996e-06
5.143371983632893e-06
0.0
1.166045397694852e-05
5.606485323203213e-06
2.909309927478168e-06
9.986460992576273e-06
0.0
3.299064183840979e-06
1.30364417664157e-05
1.2433451303686124e-05
1.1410865813865963e-05
6.333243637395196e-06
6.1235258458529405e-06
1.34380649778233e-05
1.3249927600016666e-05
8.973175058830223e-06
1.648517843347342e-06
9.661823603206976e-06
6.562870445405351e-06
1.2792985215250608e-05
7.979715811053907e-06
1.0347054474607065e-05
5.292904223491723e-07
1.0400768821237693e-05
1.3475479985710419e-05
8.517186630208012e-06
5.135635788879404e-06
9.053584152295942e-06
1.4935954532954267e-05
0.0
4.569428529496277e-06
1.1864208754524785e-05
4.8011213584100176e-06
2.4510783554490406e-06
3.2682795984644443e-06
9.93941863013603e-08
0.0
1.472875954381672e-05
1.4816779400679685e-05
1.1848535029536248e-05
2.444879380966656e-06
1.0588533256754423e-05
9.677836827930824e-06
2.757478952111332e-06
2.0902347585313366e-06
0.0
9.524532013041222e-06
0.0
6.801086736225516e-06
1.3338620310908816e-05
4.868705322532822e-06
1.3655959915706496e-06
1.393594585198541e-05
1.2646241896456645e-05
2.2538414169491824e-06
0.02952995972894038
7.754721824626049e-06
6.266691188802748e-06
1.4788155494904841e-05
3.4013479712004775e-06
1.4668643267173776e-05
0.0
7.184307625674879e-06
4.34596967533575e-06
9.844292988558847e-06
0.0
2.163177692868656e-06
1.0036750478900287e-05
7.39142663694675e-09
9.01824543794748e-06
1.5022639583664292e-05
1.0189156974135622e-05
7.973714479326828e-07
1.7810932408004436e-06
0.0
1.4629238181813562e-05
8.177852906170294e-06
6.890059838503861e-06
3.6378971201707962e-06
1.9053850720334075e-06
0.0
1.3629427193549955e-05
2.7922337231385676e-06
1.86822399990792e-06
1.4214222876432679e-05
1.2724247031436342e-05
2.3139781222466063e-06
1.243229802293174e-05
8.74380060577564e-06
1.1202925529245153e-05
1.4117150423840858e-05
5.617547014433297e-06
1.295992300690579e-05
7.637211467406118e-06
2.1019111732535618e-06
3.2254988421479403e-06
5.056267595198815e-06
0.0
1.3537262765670692e-05
1.6680262509167616e-06
0.0
1.0346485629371518e-05
5.011061852817749e-06
2.9788192243334087e-06
9.199684012318297e-06
8.866329328481203e-06
1.0218312712164658e-06
4.272234600796862e-06
1.1000934291406542e-05
4.265008882418285e-06
6.6816753395449915e-06
1.1974275714192545e-05
0.0
8.047016968804201e-06
8.894010640444267e-06
9.354872377783528e-06
0.02952995972894038
4.338018707274045e-06
4.135389186107064e-06
9.613413044068164e-06
7.735729606281519e-06
0.0
6.354839134507152e-06
7.442926121688513e-06
0.02952995972894038
0.0
0.0
7.736355910953185e-06
1.538440790216115e-05
0.0
7.571622642308322e-06
9.304702400505089e-06
1.0855679674422003e-05
0.02952995972894038
6.448429156094353e-06
1.462309635408944e-05
8.957551847684425e-06
1.405512190767658e-05
2.0116232081505388e-06
3.2496594737477724e-06
2.935987726215515e-06
5.871431944357394e-06
6.366605020468473e-06
4.3722257295552284e-07
8.127054353232835e-06
1.4971496379239445e-05
1.893907823852464e-06
0.0
2.534636874416742e-06
6.589203410190345e-06
1.4943162564600106e-05
6.696845383236551e-06
1.3737075358499964e-05
2.740342483028125e-06
1.3115450779221338e-05
9.590912268477356e-06
1.0601690476633705e-05
8.631932906350685e-06
5.186659046980845e-07
1.2697126081803822e-05
7.63831195147254e-06
0.0
1.6893800895768033e-06
3.370603501123086e-06
1.4165785676789248e-05
1.1620792346697372e-05
3.115349747221329e-06
2.3713890956422244e-06
0.0
3.966660971549354e-06
1.1410234614039573e-05
2.055193594934463e-06
1.5274606879461073e-05
8.514684135300025e-06
1.8170176881330434e-06
4.945677878101488e-06
4.15860326528045e-06
1.1153138755020477e-05
2.719131215106888e-06
1.0512968134274322e-05
1.449056136338771e-05
0.0
1.152673437993425e-05
9.322229978688963e-06
3.7021415831627265e-07
3.3959886496902852e-06
2.277481580507087e-06
1.4683121122588362e-05
7.061229593888729e-06
0.0
2.13131438128417e-06
0.02952995972894038
1.0157121359005611e-05
0.0
8.27313699189566e-06
7.616911424378396e-06
1.1775860906059444e-05
1.2192586452961987e-06
1.3671925873029327e-05
0.0
1.332616083808949e-05
0.0
4.114897052166232e-07
1.0273457158858962e-05
8.868724131877757e-06
0.0
8.23184586014136e-06
7.678047749195714e-06
8.396562478158962e-06
7.67811991668972e-07
4.612689558772746e-06
2.4164196422697086e-06
7.322525949217754e-06
8.254600921825484e-06
7.456419129080671e-06
0.0
4.973262091703163e-06
9.332108194511761e-07
3.898815524359588e-06
2.7721562336846854e-06
1.23268137434295e-05
1.110396795836594e-05
1.3156441967036776e-05
0.0
0.0
1.0373113347443064e-05
1.2603250006235317e-06
1.3681527746472943e-05
2.8055087690679274e-06
1.141602334719756e-05
1.4464577624682015e-05
5.168255844853774e-06
3.454013162358237e-06
0.0
1.1409677528880236e-05
0.0
1.5165983638373994e-05
1.3738659125809931e-05
6.036582686144413e-06
0.0
0.0
5.6101762632741685e-06
8.768937088238886e-06
1.12732430181709e-05
1.46203349955031e-05
9.934454919559685e-06
1.1101015407396171e-05
0.0
1.1594089256753457e-05
9.970653475184707e-06
2.1741310791809913e-06
8.248577013599047e-07
1.1318103711557748e-06
1.0516350945847875e-05
1.4040260462489951e-05
7.982528818871203e-06
1.5111380378146752e-05
5.758297797641549e-06
1.556372100730994e-08
1.2773011848531445e-05
1.0642671272355671e-05
1.2941718139379252e-05
3.3805054041774265e-06
1.0713539261136626e-05
1.3134421702055466e-05
1.4021339024722163e-05
1.353167583557084e-05
4.656042932349628e-06
3.817193033458704e-06
7.969868752290405e-06
3.6028237705202994e-06
1.2605329347202793e-05
1.3697887809216845e-05
5.338481450060064e-06
0.0
8.991716275982278e-06
8.067860495938655e-06
0.0
0.0
1.0848434725513124e-05
0.0
4.466753858567194e-06
0.0
7.411304049156879e-06
7.811248675401047e-06
0.0
1.0689001867265906e-05
3.9812941641096776e-07
1.2405364095965668e-05
8.051846777949735e-06
1.2013672254241435e-05
5.86369671167926e-06
1.565500493895242e-05
1.0621934034862796e-05
1.4990009833495872e-05
0.0
1.1765455792754556e-05
1.4330506614660977e-05
3.585517561993053e-06
0.0
0.0
3.702055770816132e-08
1.5532340109881108e-05
1.2134283507975948e-05
8.203615815529089e-07
5.680243150167685e-06
1.1594702129706011e-05
1.1437269726943948e-06
1.1670877159707279e-05
5.9106753543393826e-06
4.655188696711738e-06
1.3524974972317073e-05
2.910592790117822e-06
1.4738938879525324e-05
1.2269225620214349e-05
1.7972922318481322e-06
5.237546305241172e-07
1.3987383239441169e-05
0.02952995972894038
1.5305898862181654e-06
0.0
3.3744967683910444e-06
4.2539710879070885e-06
1.329263488108077e-05
1.4137098405576428e-05
7.349390841763738e-06
0.0
3.9193824807251585e-06
8.443070293838745e-06
1.4308223061395248e-05
6.643772181350573e-06
6.271155649835541e-06
0.0
1.5298561262780486e-05
0.0
1.050952553402553e-05
0.0
1.3606781933951456e-05
6.721884497617478e-06
1.1957653232095437e-05
0.0
7.786748608073365e-06
8.23661516906416e-06
1.0175143476445746e-05
3.7728201983230837e-06
4.8554042649997745e-06
1.3052472243954761e-05
8.517468166791024e-07
0.0
7.056263782277679e-06
6.554543467772526e-06
2.5332018654398198e-06
1.2489281899831021e-06
1.0229660680823445e-05
1.0115990447878839e-05
1.2629908084757967e-05
1.0795634179961462e-05
6.013145796670524e-06
1.5039363949590625e-05
4.8089453157068795e-06
3.930477099119524e-06
1.5799671135457493e-05
6.345833993661048e-06
8.77188033433518e-06
1.5161823149769182e-05
1.2790850600362492e-05
1.1922478793778244e-05
5.594193509914013e-06
9.093342191782376e-06
4.799520166445522e-06
3.8946243407285285e-06
1.4563757621805038e-05
5.83414247747656e-06
1.1257136164940692e-05
5.856458653542953e-06
5.545361488062567e-07
1.653039525412439e-06
9.88890916084826e-06
7.4337474171522085e-06
2.411588165323132e-07
2.4597930902171296e-06
1.5693383840250807e-05
7.073655668587772e-06
9.980055191031816e-06
7.407701130756038e-06
5.092353105434878e-06
1.2724555946435415e-05
3.961278918253281e-06
1.3894980418067382e-05
7.649696314155994e-07
9.86357123401593e-06
1.543633646664499e-05
4.014524083743847e-06
5.235909978706949e-06
1.2977430771595443e-06
5.804109987353882e-06
9.638567153055272e-06
1.4015809066575153e-05
5.835309644203474e-06
5.934946589955254e-06
2.9192612327388267e-06
1.26096601601508e-05
1.0149995977705956e-05
9.037095439053141e-06
4.091292410369892e-06
4.357744315808314e-06
2.2533533756766108e-07
0.0
1.493589244497333e-05
1.1981211627656086e-05
1.1295967738854361e-06
1.1101267412867497e-05
5.407732768099726e-06
0.0
0.0
8.608756415605753e-06
1.1345812062943772e-05
8.312081572444011e-06
0.02952995972894038
6.024260591787502e-06
1.3767879588184044e-05
7.719216669255027e-06
1.3825314845186854e-05
1.4692580422335287e-05
6.511257604943239e-06
1.283725363157806e-05
9.401986479205384e-06
4.6637819751475663e-07
1.4911100923573958e-05
8.150637484860682e-06
0.0
6.038645045898671e-06
0.0
1.2487087649571028e-06
8.408222079419363e-06
4.073777332953557e-06
6.310752746606066e-06
1.2665801855214678e-05
3.0316848991972046e-06
2.065568409501533e-06
7.431225210928706e-06
2.8888142720162676e-06
1.3487444676386906e-05
4.873662490712789e-06
0.0
1.4057163822971488e-05
3.152895696624339e-06
9.352296069688454e-06
6.4521838896779695e-06
1.386823903802929e-05
7.669362502516115e-06
1.365017137491005e-05
3.6231074290958835e-06
9.701999923640505e-06
1.1972277834820854e-05
1.4881433695346544e-05
7.848034138748957e-06
1.289844858242818e-05
1.2601296813783988e-05
8.560708622043411e-06
1.4550902948097307e-06
1.2459362662255726e-05
3.82002314741734e-06
1.1484084160279994e-05
6.877544424983464e-06
8.969685561887333e-06
2.6513384761075903e-06
5.886790586275781e-06
2.2730661205679993e-06
1.6143240332064903e-06
8.991810417374412e-06
1.0936048886890645e-05
3.2041549258162696e-06
7.553023165126087e-06
1.4530912974552693e-05
1.4817513153427759e-05
1.2050513311935546e-05
5.9059592987779034e-06
5.287061367213104e-06
2.7947935760788595e-06
6.285422631918621e-06
7.856217819707167e-06
5.111830633597872e-06
1.346552864525885e-05
1.338256216074549e-05
1.45795621263999e-05
1.0163618928549134e-05
9.882867932550925e-06
0.0
2.147994518891606e-06
1.502912854641897e-05
1.2706629178840193e-05
1.493086555462413e-05
2.618133533499576e-06
1.262504554739372e-06
8.81967140341942e-06
1.573751168075443e-05
1.3434538745953326e-05
2.179474774342544e-06
1.2677850702753552e-05
4.097357991985742e-06
3.8092699474182433e-06
1.43147423391471e-06
7.256205892718621e-07
7.271667233936956e-06
1.3865536406344983e-05
1.8739691773765621e-06
4.172960206940305e-06
5.477594970662526e-06
1.3250377528457144e-05
0.0
1.1795399249287095e-05
5.282001097247652e-06
1.5456835966375698e-05
8.638068731218526e-06
1.5256893339183468e-06
1.2819463638366044e-05
1.199159169244309e-05
2.0782513572003725e-06
2.505963047370131e-07
1.069887947218577e-05
7.361462214439891e-06
1.0153616146201191e-05
1.0451028224704605e-05
1.3848008113815718e-05
7.631040508894384e-06
5.3317288377931934e-06
1.4622198524717797e-05
8.624478041701238e-06
8.057732269212495e-06
1.5486020496503004e-05
6.916147449878314e-06
6.279476674488078e-06
5.574952195600168e-06
9.313848286325307e-06
7.344875575636013e-06
3.3575331611471236e-06
8.919592416789755e-06
7.224105988675447e-06
4.7400107963126036e-06
4.238594317105311e-06
2.230990790290111e-06
0.0
1.041523762258909e-05
5.576115959534158e-06
4.228993644617435e-06
1.196015615830502e-05
5.206873942261744e-06
1.0925424738936535e-05
4.238658354257814e-06
1.0623346944989168e-05
7.37731013048963e-06
1.4375537662879383e-05
4.199166900405057e-06
2.0059326967509847e-06
7.593059815832283e-06
2.834854818817819e-06
8.06103666622696e-06
1.0992996046759876e-06
2.87975169545874e-06
3.2273712883093786e-06
4.5390783474906543e-07
1.106551700950463e-05
3.934666327425171e-06
9.126690387953975e-07
1.1499178992431258e-05
1.0497031557073928e-05
1.0999698082320442e-05
1.5425174270620575e-06
1.8056286213962268e-08
7.142585184058995e-06
8.266655225675876e-06
0.0
1.1891089546171546e-05
1.2638168870030323e-05
1.212746369978225e-05
6.424682973234676e-06
2.1483939017332767e-06
2.446643083149873e-06
9.269331380633998e-06
4.4586354906395946e-07
1.1972656842332888e-05
1.5535748414067258e-05
8.525884581652662e-06
6.883450045161309e-06
7.119211583359633e-06
8.144388744324165e-06
5.09474429748953e-06
1.532534040291096e-05
3.0673912087403004e-06
5.5527020814743076e-06
1.2954911958526383e-05
4.209139389455493e-06
3.5509592365684475e-06
1.217654085735648e-05
4.69010286087403e-06
1.933726435374668e-06
4.560837100986481e-06
3.1402043511526805e-06
8.369425060282168e-06
4.904562114881328e-06
8.179841449606091e-06
7.86141295433736e-07
1.1323538515121262e-05
1.5041775434645174e-05
1.272693846154263e-05
5.509830652757805e-06
9.303400530378142e-06
4.907617475779535e-07
0.0
0.0
1.3902268801685805e-05
1.1665656341414495e-05
5.529170134415254e-06
1.1438562634695687e-05
1.0337305337498193e-05
0.0
1.6044786215091434e-06
6.452382348144923e-06
6.615569966214972e-06
1.0447105939741994e-06
1.2074357055380022e-06
8.493647456844086e-06
1.362572131824456e-05
1.0861369288217639e-05
1.0329442773132343e-05
1.3873337584604066e-06
5.697660409448216e-06
8.617953630105375e-07
3.147037090587563e-06
5.5012486185206855e-06
3.707929847587874e-06
1.5414818628619545e-05
1.557454910312796e-05
1.3480360714042382e-05
4.098489807723587e-06
1.4515441081180609e-05
4.417799271321448e-07
1.2971056521407053e-05
3.0716188583466507e-06
0.0
7.5051002748278225e-06
1.4648238074976435e-05
1.5358599670506696e-05
1.5189825840624731e-05
1.2965728474096777e-05
1.462295473751826e-06
5.07916218835979e-06
0.0
6.891284811652225e-06
3.880822205641627e-06
6.372835175380398e-06
7.187720411220913e-06
1.0353924464790316e-05
0.0
7.805457758326904e-06
6.792142511248075e-06
1.3460238315938278e-05
1.4393666691006627e-05
6.94784217387735e-06
4.700919733534421e-06
6.690018482789471e-07
7.946174032212288e-06
1.436461801517616e-05
1.461538522464338e-05
2.003691636851374e-06
1.1035145262768303e-06
1.7700042354781753e-06
1.3815642387402552e-05
8.081993000565707e-06
1.620052628080634e-06
1.0642707467906461e-05
1.1142210356548924e-05
1.1302133974526732e-06
4.3253095744180244e-06
3.189349449518942e-06
1.1352331505907336e-05
7.26759603467086e-06
1.1211956512597865e-05
6.131742448122694e-06
1.8328777372666247e-06
8.03247103514709e-06
1.2401188847308661e-05
6.178896575042875e-07
1.0638132690806556e-05
1.3119174901422061e-05
1.3329875763446805e-05
7.717593851629693e-06
4.878405907480934e-06
2.2084311049015599e-07
9.462937800636147e-06
3.7852732011822714e-06
4.3052775253852846e-06
0.0
1.4295204646543434e-05
4.268804721776256e-06
1.2235713687996793e-05
4.442244137589579e-06
3.1746207264904076e-06
7.110978159747844e-06
0.0
6.8182034438686375e-06
1.9336585385449238e-06
1.4385940472935814e-06
9.988513369747234e-06
1.5708904020190625e-05
5.037186027118567e-06
4.876266137266903e-06
1.5377477492242037e-05
1.295014065480542e-05
1.6161386748730946e-06
7.290292545547106e-06
0.0
1.0657890871027608e-05
0.0
6.920242569989134e-06
1.3272915932740034e-05
4.275222826012182e-06
1.1378320020830485e-05
0.0
2.441244696700458e-06
2.9358132854608395e-07
1.5401266887586515e-05
1.0834722350501068e-05
1.854754017480279e-06
8.90528212785536e-06
1.1812263013127197e-05
1.4864376151300197e-05
1.678635325096042e-08
8.59744542110838e-06
1.1780640700145579e-05
0.0
8.572579323637907e-06
1.1880198193963853e-05
0.0
5.458900263743873e-06
1.0640801177635182e-05
1.204152941191654e-05
5.095142517278555e-07
1.3821738546274766e-05
1.431957404513039e-05
7.933543603740759e-06
4.7088121880122425e-06
3.957431456914101e-06
0.0
4.895202254648835e-06
1.3030984251961044e-05
3.761428522048479e-06
7.190545415142634e-06
8.926469720561645e-06
2.6224802394485377e-06
1.4360018485696289e-05
6.922207912530274e-06
8.882140387633043e-06
3.595959401190285e-06
5.2287362223001155e-06
3.53599700834468e-06
4.241889671074086e-06
0.0
7.881780943097927e-06
5.753800294892604e-06
0.0
1.1008390296628126e-05
1.1279557419515261e-05
9.598311310338018e-06
6.633388908615784e-06
5.217567047460284e-06
1.258456850158353e-05
1.2550847137580178e-06
3.3222575158930684e-06
1.7481302215870646e-07
1.280139738738154e-05
1.5374089190552014e-05
1.7395393805149675e-07
1.4355691998887307e-05
1.2477764794173515e-05
8.599142213952335e-06
0.0
7.075708220863613e-06
4.4187461558039795e-06
5.560134295102259e-06
2.1929957159332785e-06
3.782906791967879e-06
2.4092149827868146e-07
5.2775123042370875e-06
1.0762065941703964e-05
9.47487583063752e-06
1.42197295991251e-05
3.975616688607237e-06
0.0
1.4037726476533218e-05
1.3300838044863717e-05
1.1606815072494771e-05
6.922030071615143e-06
1.3674617308051798e-05
1.970138341948956e-06
6.188960181583509e-06
1.3057666389598122e-06
6.6771099324890345e-06
1.3660453226496423e-05
0.0
8.211260027844964e-06
1.545484395304416e-05
2.596908404312871e-07
1.4402327730831736e-05
1.2855685334837498e-05
8.488436525997095e-07
1.0083336682979461e-05
6.0343961341819375e-06
8.915767548424963e-06
8.48020427805202e-06
1.3157079772402596e-05
6.8981168555539e-07
8.647319487264066e-06
8.335511997325933e-06
1.2176936268638348e-05
1.967682354741789e-06
8.492068880801026e-06
4.175607683555904e-06
9.803533334640597e-06
6.27019351332185e-06
2.599282857532173e-06
8.774985073561819e-06
3.486780855801848e-06
7.253019899242482e-06
5.205533037041819e-06
1.487039968983296e-05
1.5530297157836456e-05
6.539313913061576e-06
4.808077673177622e-07
1.305048504116753e-05
9.74480233990032e-06
6.630925952120028e-06
1.5289450514278032e-06
6.618513135940027e-06
1.3694152574007413e-05
1.5299389984391735e-05
1.5308531921901064e-05
9.972181503035497e-06
2.2174088814526617e-06
3.1888229557233376e-06
1.5034355251231654e-05
1.4733740376262198e-05
7.463991386298005e-06
3.7298335250177206e-06
1.1981165264346144e-05
6.697311932664361e-06
3.509438539233031e-06
8.511768279258004e-06
3.5789374645333403e-06
3.166535873606229e-06
7.937187030093753e-06
6.679500343392035e-06
8.769963733727713e-06
1.4250308633010752e-05
1.1026983094199422e-06
1.2758202594870683e-05
1.3192385490460901e-05
5.842318098925246e-06
1.3808748472772291e-06
2.349850510889179e-06
1.327243229287538e-05
1.2786205161244946e-05
1.2288299262273296e-05
5.310459869086213e-06
1.550130299104875e-05
6.536571643775346e-06
0.0
8.822717292008369e-06
1.4113093377569728e-05
1.1590844278445029e-05
1.7743445821720017e-06
1.286684565204577e-05
2.2852534776990754e-06
1.1020061595854068e-05
7.88711054652512e-06
2.871751116281605e-06
9.558071635288288e-06
8.75787677913364e-06
2.2232199547001197e-06
5.2569646676177924e-06
1.5408778611925746e-05
6.866608522683414e-06
1.4224232793596145e-05
1.2842564161248901e-05
1.0844504151276603e-05
1.047838938986109e-06
1.1777252199699754e-05
5.398822147136189e-06
1.2292902296863365e-06
6.388265028648618e-06
1.506195348791876e-06
1.5068268702205126e-05
6.012915900105416e-06
2.52249408779238e-06
1.4406520825917767e-05
1.362053672973155e-05
1.0766440550799625e-05
0.0
1.3339073025673555e-05
1.534677122657747e-05
1.3511056477866422e-05
3.3920932931859663e-06
1.5400285057468815e-05
3.4319932522966154e-07
1.4400242806799529e-05
9.966212372801161e-06
8.749441704044098e-06
1.3346176706738347e-06
9.399975601433272e-06
3.801578763897073e-06
6.43991515101487e-06
1.998273029580281e-06
1.2111752341676913e-05
6.376914072900107e-06
3.7885704480197003e-06
0.0
1.002825937668825e-05
5.073822367160142e-06
1.0050943136404337e-05
9.174887236372005e-06
1.2739545290844148e-06
7.188416166003588e-07
1.5705406702598123e-05
9.036658359675502e-06
1.4307047639358984e-05
6.334121317339512e-06
1.0213092930037225e-05
3.0335225548011895e-06
0.0
1.482946816534363e-05
2.2278115182810354e-07
6.4673674613867634e-06
1.0110227798523042e-05
6.862063239317153e-06
1.0576970580384457e-05
8.593921907838075e-06
6.388136856293056e-06
0.0
1.1880525358231676e-05
0.0
1.5072795112952752e-05
1.0733919527577718e-06
1.5165511466290847e-05
6.3428435945846366e-06
6.2510777199815e-07
1.4926025249623719e-05
5.6996964722355935e-06
8.312187452422899e-06
1.2507609237479944e-05
7.256617645509363e-07
0.0
1.151563794340164e-06
1.546644905962751e-05
0.0
1.2923115905581646e-05
1.0932903868957475e-05
1.5550721747462687e-05
1.3459637959269021e-05
1.3051386314551685e-05
2.9284697704746733e-06
1.0787893905670637e-05
1.2990636614855163e-05
0.0
0.0
1.5447650212633477e-05
1.3915251784761358e-05
0.0
0.0
1.1054176663613539e-05
1.393144147265434e-05
4.784492335601041e-06
5.107632939215454e-06
0.0
2.9995739856729194e-06
1.1183719600516312e-05
1.6573389430239072e-06
9.687927768940995e-06
1.3696966482346443e-07
1.1368022522708228e-05
2.6077998538146505e-06
8.41788808742035e-06
7.2106063168200495e-06
1.0273201244108939e-05
5.6531888099949926e-06
1.1157720533185815e-05
9.243079345131317e-06
5.1074421549879155e-06
7.5677472437198915e-06
6.600433261860555e-06
1.2803289175461186e-05
6.865394701526943e-06
5.449289674912604e-07
0.0
1.0914379258340154e-05
1.0947509036430754e-05
6.620560890308615e-07
0.0
9.59287806949749e-06
1.1142477566107132e-06
3.934189523497031e-06
8.393338310032568e-06
1.1704651606639215e-06
1.380204959849276e-05
1.1978594927713618e-05
1.1507589425006646e-05
6.314241370247914e-06
1.4170425984374334e-05
0.0
0.0
1.710219807764936e-06
1.1771729731789636e-05
6.095649157814101e-06
2.3867841267511352e-06
1.5329015763758966e-05
0.0
1.0832220860822816e-05
6.472470351447068e-06
1.5617205472103402e-05
0.0
0.0
6.940885106150679e-06
1.1268540782629651e-05
8.339279756517332e-06
1.5156005681268964e-05
1.4387828197549899e-05
1.4227503870086698e-05
5.808947182443931e-06
5.3318564355172874e-06
4.7308110584232173e-07
9.746933196647562e-06
1.2671925467822619e-05
2.973052278452478e-06
5.481750221451991e-06
5.802063406020943e-06
1.3236678025263293e-05
1.1835079069348433e-05
1.489318002706644e-05
9.02116150056174e-06
5.7014897856442914e-06
1.5202032943046448e-05
3.0345238570554463e-06
9.483941689981697e-06
3.6835474684658217e-06
1.375340851985874e-05
1.0452603727230445e-06
2.9776795845273906e-06
0.0
9.40561767396162e-06
6.5843402185928e-06
1.0188375053297672e-05
4.616737434153514e-06
4.6938499747588276e-07
2.0612055222929138e-07
0.0
1.25100528749594e-05
3.452159023063114e-06
0.0
1.3907162773491637e-05
1.274653622697742e-05
1.4794232684062731e-05
3.6508054159298627e-06
6.2941828872634096e-06
1.1343580509060543e-05
1.4420151531438956e-05
3.992309683741176e-06
1.2332541463925273e-05
9.151321569192589e-06
1.2657987264491302e-05
6.466081764850974e-06
3.978429370850745e-07
0.0
5.270930799499965e-06
5.097372372677603e-06
8.867950648629999e-07
4.750946946151565e-06
8.961901452659622e-06
9.045507762998725e-06
4.912831029489047e-06
9.960675666069677e-06
9.932371640461497e-06
1.4772122832512628e-05
1.4065014774674067e-05
1.4040868311140012e-05
1.4965986361228805e-05
8.471968941370593e-06
3.1591589419923938e-06
5.141395628942095e-06
6.5718665891146785e-06
6.580726921387488e-06
3.0751409395406035e-06
1.0551003969849443e-05
1.1852896981235272e-05
1.0439872036636328e-05
0.0
7.836604844805222e-06
4.730935185944844e-06
5.637836083463245e-06
1.0780949966480605e-05
3.2240901009738933e-06
0.0
3.3335610159448787e-06
3.515886770875787e-06
1.4773285693923817e-05
2.9677495451771777e-06
1.5441539870545363e-05
9.037011201753785e-06
5.498921201559044e-06
6.724323817098434e-06
1.0068490420649326e-05
7.854986880177586e-06
1.277138308258772e-05
6.38355838709197e-06
0.0
0.0
4.7573511336697224e-08
0.0
1.0885483351961474e-05
1.3918493675205693e-05
9.681431943433308e-06
6.058244925824733e-06
2.7943395408234307e-06
1.0954033945141969e-05
9.26501089520872e-06
2.6845741007422606e-06
1.0977016233497641e-05
0.0
1.4050245502870189e-05
4.1918006859845565e-06
3.3712731983176625e-06
1.282881619203229e-05
1.5613647919636916e-05
7.205533203489307e-07
1.1610561460231256e-05
4.776771445326515e-06
1.04340858069163e-05
2.581803850723599e-06
5.250666497028066e-06
4.268428364054077e-06
9.778281542840076e-06
1.5304727550555407e-05
1.271680625541932e-05
1.184641918685725e-05
4.242811064770909e-06
6.091453484689158e-06
0.0
4.992992150847133e-06
6.341400389569266e-06
5.758825900053451e-06
1.8689823418192986e-06
2.0693129005419503e-06
2.78653664212929e-07
1.231764351419797e-05
3.4524722008371277e-06
1.0794282561908344e-05
1.6308848132654065e-06
4.725325103538881e-06
1.0447872540484795e-05
1.093515084691203e-05
1.535240097970778e-05
0.0
8.204738893829326e-06
7.613858296128066e-06
7.09556781211205e-07
1.3914746584669313e-05
0.0
0.0
1.5337890872374195e-05
4.837856721139734e-06
1.3715162253554259e-05
9.488906548684455e-06
1.4499260595510944e-05
2.264840231210869e-06
8.108637046919808e-06
0.0
2.019346021421879e-06
1.0929839602653959e-05
8.282690706235125e-06
1.4180235667936232e-06
6.461517607513742e-06
7.555982674888889e-06
1.5230012656370955e-05
0.0
0.0
3.520148856461364e-06
1.1449208349079824e-05
1.554998358141389e-05
8.033633631762924e-06
1.1599399293653262e-06
8.11917192415569e-06
1.4942846841234778e-05
8.042986090741444e-06
5.495502077002073e-06
7.128424101627243e-06
9.067631995047351e-06
9.636362611831928e-06
1.36757861808968e-05
1.260359710737273e-05
4.4453111624099445e-06
1.263610820678808e-05
0.0
1.2414571527489922e-05
4.818905024979348e-06
1.4745131492537609e-06
1.3540111805614367e-06
2.9365224656902936e-06
1.3918241603935488e-05
1.2701055405178906e-05
0.0
4.5072970747773825e-06
2.1641717901023815e-07
6.476718876212698e-06
1.49807578432539e-05
3.581945549904186e-06
7.112387702676664e-06
5.242474418122302e-06
1.2682165058819778e-05
9.355861137509588e-06
7.218872683251716e-07
1.1028164582141779e-05
7.010684069905079e-06
1.5970619025706954e-06
3.8924214713445805e-06
5.616499027048118e-06
1.1845264457090229e-05
7.765947294449262e-06
1.3681599484653511e-05
1.4545514696311347e-05
8.42965647932919e-06
1.494214992197585e-05
0.0
1.5255540179847222e-05
1.1488542018883367e-06
6.2147535239718605e-06
0.0
1.0938794765597192e-05
1.1016971516424638e-05
3.358193663868689e-07
9.241731944779382e-06
1.9192919260169975e-06
8.097777201868745e-06
8.573594412377786e-07
7.059775629544963e-06
3.4501447320949383e-06
6.328066419590401e-06
1.1008182694073769e-05
2.5870610725638017e-06
1.3926327659138047e-06
0.0
1.0865054274761518e-05
1.0632777711163143e-05
3.142812723716455e-06
9.117546498316865e-06
1.2497526547973226e-06
6.861781672281654e-06
2.4938806687873583e-06
1.2693153929415025e-05
1.14823773671836e-05
3.0071605211658385e-06
6.015854693766738e-06
5.219955173854879e-06
1.4020874942750729e-05
6.9366417399584835e-06
3.625412645070569e-06
0.0
7.4950221106651235e-06
9.631017066630073e-06
0.0
4.298693313350115e-06
3.535713294474503e-07
0.0
1.2890552338598509e-05
0.0
0.0
1.6519090298209319e-06
0.0
1.4757736721547563e-05
5.331874392480514e-06
4.734442479278436e-06
1.2887874635055517e-05
4.850035867398689e-07
1.3027334422987362e-05
7.630206985551828e-06
8.585457933317829e-06
7.643074088445409e-06
8.296937903943942e-07
2.632162235133093e-06
1.0431660973355014e-05
9.251758092122873e-07
1.660548078247669e-06
1.2955993359654564e-05
4.8918880732807245e-06
1.5110414096726751e-05
8.401055593017182e-06
1.0338432923384258e-05
5.8247136191558565e-06
1.541187191421424e-05
8.398184987670256e-06
0.0
8.253391128630207e-06
1.0240890837442544e-05
1.805761305489368e-06
4.30519740749206e-06
5.216282950664908e-07
0.0
1.229229272712001e-05
8.05390357247948e-06
1.3957671863388992e-05
0.0
5.060708450838842e-06
1.247601631743772e-05
6.334171669567502e-06
1.3484235328001516e-05
0.0
1.1179346228796946e-05
0.0
1.4607112237235194e-08
0.0
5.220410010609552e-06
4.084800726633585e-06
0.0
2.5262261492547332e-06
9.709966265257213e-06
1.3629910665136295e-05
1.327006040825149e-05
0.0
0.0
1.5853805696787576e-06
1.5619727975949572e-05
4.956896995542064e-06
1.7641310208611382e-06
2.040749432502517e-06
1.1373579872696619e-05
4.0996425726262855e-06
7.944441077549588e-06
2.8259353537194797e-06
8.517418645745091e-06
1.2522760319520581e-05
0.0
6.527808759606787e-07
0.0
0.0
1.0906221873721437e-05
6.112224620773588e-06
1.4710280760912569e-05
1.1503010787244478e-05
1.2182556866567405e-05
1.575569948406704e-05
1.046657721060327e-05
7.527385548756395e-06
0.0
9.208956940361076e-06
8.09970513986463e-06
7.041451334625796e-06
2.368957324472022e-06
0.0
9.417003946177404e-07
4.391304169858757e-06
1.4456131754095415e-05
4.167659360870412e-07
2.1624405252283e-06
8.28375807474606e-06
0.0
0.0
9.889962386216681e-06
0.0
1.4080579195844867e-05
3.293569039444776e-06
7.501816484689974e-06
1.530038773096746e-05
1.1471831527502406e-05
8.025271637556202e-06
3.270749394821565e-07
0.0
1.3302655684687677e-08
1.6415249873149158e-06
0.0
1.5027517107146117e-05
0.0
3.4055272318268774e-07
0.0
5.697023282194543e-06
1.2318003434927305e-05
1.3246936747233036e-06
3.2897950022285864e-06
2.381238939162792e-06
0.0
1.4178835239496436e-05
1.5381473868403044e-05
0.0
1.254550445992219e-05
2.1479303354412138e-06
8.55383608463638e-06
0.0
4.869122376958269e-06
3.1033828904124777e-06
1.6395947024900759e-06
0.0
9.669644106602564e-06
9.206695157799694e-06
1.2051831692503562e-05
1.1997679032552025e-05
2.7705462301068534e-06
9.634683264584461e-06
5.481005889569052e-06
1.866403982524405e-06
1.8442926364439745e-06
0.0
7.933763181291306e-06
1.3104307206193813e-05
4.62471783544403e-06
1.4637860248602365e-06
3.51172556388809e-06
9.009925739447207e-07
1.3759756954033849e-05
6.645574146130432e-06
4.64149839695466e-06
8.936359280879364e-06
2.3426742160767646e-06
9.866457994713438e-06
2.238027706299609e-06
1.3965876590034534e-05
1.0397629312660054e-05
7.000034646178735e-06
1.4759966884507992e-05
5.722304326022497e-06
6.098416869966818e-06
1.4864526392111213e-05
8.983217297248432e-06
5.626482662548141e-06
5.057994220703657e-06
2.6391562007984412e-06
1.5555880929948565e-05
1.9766296794269538e-06
0.0
0.0
0.0
0.02952995972894038
0.02952995972894038
1.4405386934625223e-05
9.361530351845606e-06
9.474536596794977e-06
1.548490884642764e-05
5.163796152136547e-06
8.956644874437142e-06
5.713400015871774e-07
8.875988077947578e-07
2.7767051164872984e-06
6.233965048358152e-06
7.9370739219138e-06
1.0869139569005903e-05
1.2583723803752793e-05
2.9766864578804286e-06
1.5300262123080622e-05
9.815557576317679e-06
1.9298930235063344e-06
1.4835665956131587e-05
1.0414470713067583e-05
8.707955169045891e-06
7.290004669561965e-06
1.4958090614323785e-05
1.0307215355738623e-05
9.446491367476796e-06
2.19600690786614e-06
1.2224987974755387e-05
1.433784109207744e-05
5.461447067356502e-06
0.0
1.8533334904598177e-07
1.1944664386637329e-05
9.37419885737855e-06
0.0
5.87988143577715e-06
0.0
0.0
0.0
9.134025647818278e-06
