1.0132456386655357e-06
4.071150838037585e-06
4.371719268327755e-06
3.872280004299622e-07
5.192908884615474e-06
2.4567061200009037e-06
2.3716732470997967e-06
0.0
4.441645836904383e-06
3.7455017043840894e-06
5.536030107560255e-06
9.612801871289752e-07
0.0
3.6414816355779956e-06
2.777169004074451e-06
3.6330163717334407e-06
4.997357610130728e-06
3.4867095187839485e-06
4.347539902697343e-06
1.5517705792268793e-07
5.0437668340820255e-06
1.49575331646694e-06
0.0
0.0
2.0311196556936758e-07
1.7703193346867513e-06
1.7196143812525693e-06
4.585009157372453e-06
2.409299480056594e-06
2.497013541806926e-06
0.0
5.14474701224734e-06
4.966080272485104e-06
4.61883106272465e-06
0.0
2.847771428423976e-06
0.0
2.4217721380431417e-06
1.6678812267292242e-06
5.3296299525549506e-06
2.4762008559406605e-06
5.2429778244707365e-06
2.954366586523845e-06
0.0
0.0
5.561369169531503e-07
0.0
4.3367868400506266e-06
3.359887674730302e-06
1.9010288994887808e-06
0.0
0.0
6.640181605692972e-07
7.785496137734712e-07
4.947081964010343e-06
5.499565783947236e-06
0.0
0.0
5.49045251799402e-06
5.0624104970296016e-06
4.952062773617878e-06
4.5168348146494074e-06
3.907084936428452e-06
3.03378134239137e-06
0.013191894759298538
4.773169312317198e-06
0.0
4.648279068649285e-06
1.3803469819747882e-06
4.890764481183673e-06
2.8494047620423083e-06
5.488294638372743e-06
0.0
1.5887634496027853e-07
8.128826295645859e-07
3.698299243643068e-06
6.395404080421141e-07
5.284436117645114e-06
3.33882770384314e-06
5.064214057819175e-06
4.133665303697226e-06
5.148706605586792e-07
7.719239327138354e-07
1.0826045908695976e-06
4.06108340547764e-06
0.013191894759298538
9.718225957920883e-07
2.9964226299837064e-06
5.659241546327703e-06
0.0
5.413235987224871e-06
3.8569805902874675e-06
5.600474549364571e-06
0.0
1.1578885577083462e-06
5.549671236344972e-07
8.653670046210435e-07
0.0
3.3979944633316276e-06
2.1044049547454e-06
4.717922150020174e-06
2.597717422570932e-06
9.485696698543919e-07
4.7688019575604964e-08
9.340268547427102e-07
2.1486982328595023e-06
1.2067254700488985e-06
5.700271849213801e-06
2.1219676413484914e-06
0.0
0.0
2.519800399092428e-06
2.0808698914311055e-06
1.9304581606034436e-07
1.1484603969839569e-06
1.5260525384381078e-06
3.4536861954958337e-06
4.626552489401929e-06
1.7035061761408224e-06
1.5716273311301587e-06
1.694368224774956e-06
0.0
0.0
3.669619359045089e-08
3.84782477527322e-06
0.0
9.549842564612463e-07
9.150155261614732e-07
6.706380517328622e-07
0.0
4.697184724184946e-06
0.0
3.873179823348845e-06
0.0
4.62768311112188e-06
0.0
3.901109099366338e-07
1.2126275034567854e-06
0.0
2.5179032453259987e-06
4.7801492159383057e-08
4.82089831236332e-06
6.825186754789801e-07
4.124243571798236e-06
8.628724053196254e-07
3.2797191941641386e-06
5.095074321248201e-06
3.824412304092563e-07
2.7055481975167197e-06
4.302806802066678e-06
1.3910965736562412e-06
1.8330806083551089e-06
7.881350469354459e-07
0.0
3.4560340508299073e-06
3.273290352771025e-06
0.0
4.363846857472366e-06
2.5370702220405902e-06
5.636436634292445e-06
0.0
3.6321770512387527e-07
3.4080550158580567e-06
2.534790437950759e-07
3.9085878327630675e-06
2.6092029777637785e-06
0.0
5.100295980389623e-07
1.4031617090536565e-07
5.233996526646243e-06
3.012189882656715e-06
1.1832783510682102e-06
8.368444545040368e-07
4.71943177575197e-06
1.9529262311907213e-06
3.6148636539947988e-06
5.285831458179949e-06
4.245652982631567e-06
4.986291359932045e-06
4.724760962826046e-06
0.0
3.870414740753438e-06
0.0
5.166745635698698e-06
4.716403042970334e-06
5.212844046565371e-06
5.553631305721059e-06
4.198906835447915e-06
0.0
0.0
1.6199512275551278e-06
4.365759150560353e-06
4.046405339609468e-06
1.915403226551981e-06
5.491995778979106e-06
0.0
0.0
6.319122572799184e-07
7.79755587474735e-08
4.986902517211709e-06
7.171804389803428e-07
4.136355855134233e-06
6.859778283367654e-07
3.0785762879255505e-06
1.6657900860495415e-06
0.0
4.804821348624338e-06
3.5416495758746683e-06
5.03169123791755e-07
5.706060581453552e-06
2.9606318925015923e-06
1.5252091759235443e-06
1.0301756857067424e-06
4.463718370827105e-06
4.9854266192546755e-06
2.1924328867253876e-06
4.792906530399218e-06
9.048560043555685e-07
4.39848175845708e-06
4.968032173400119e-06
1.6921004300349201e-06
4.037584073208737e-06
3.283729764145732e-06
0.0
3.4822980726211516e-06
7.905295520690911e-07
3.731530275843965e-06
0.0
5.459659373270955e-06
1.2131343312635702e-06
4.559134774697018e-07
5.442778977287538e-06
3.721573795516941e-06
2.0636633213843523e-06
5.507591920526061e-06
1.2216493264246504e-07
5.464876209411322e-06
0.0
8.96076445688455e-08
4.698412346808313e-06
3.380316986631638e-06
0.0
2.2118913134889884e-06
0.0
2.7178283565860638e-06
1.30537460868549e-06
5.420064925469645e-06
4.327958821818735e-06
3.0974753652529086e-07
0.0
3.7036415299530694e-06
0.0
5.626208025466482e-06
5.51103526751464e-06
1.0674739438827648e-06
1.9312068520499424e-06
5.297343829719036e-06
3.854090082137181e-07
9.231740843264994e-07
4.217427513924124e-06
4.727998759813218e-06
1.528480397771608e-06
5.21352601537384e-06
7.167873321261909e-07
4.490700120365759e-06
7.238649828978602e-07
1.6850653770818072e-08
1.5953485391605678e-06
1.7001547507087339e-06
5.065191662541698e-06
0.0
5.495189993009506e-06
0.0
3.115729969217997e-06
0.0
3.798987573314227e-06
5.396839049016952e-06
0.013191894759298538
3.3485801937094613e-06
2.092394669437826e-06
3.0220080757032396e-06
0.0
5.74014650055483e-07
4.123983722698072e-06
1.8396978430407207e-06
1.2234690143453566e-06
3.7830770919262147e-06
0.013191894759298538
0.0
3.866354116154028e-06
1.1265492978040273e-06
0.0
3.3714230038563106e-07
2.867341709719574e-06
4.929485760032068e-06
4.286630006392315e-06
0.0
5.40921774970216e-07
2.1355086903327396e-06
3.108851434213663e-06
3.426528747946541e-06
0.0
0.0
1.3810928748826668e-07
0.0
8.779998191935502e-07
5.120537123335808e-06
2.8840214681156782e-06
4.8764466261462326e-06
5.579948675559057e-07
4.110476827339069e-06
3.949949830097809e-06
1.9046628974684858e-06
1.7995532651642239e-06
1.941244685352725e-06
2.6904590743583562e-06
1.8378759979906278e-07
2.2626371002385697e-07
0.0
0.0
1.4758305404925708e-06
3.3822900460911203e-06
2.738966899736399e-06
0.0
5.336557607859506e-07
2.1255982976437375e-06
4.4596859993063815e-06
0.0
0.0
0.0
4.427930703995727e-06
2.459579311196121e-06
1.3724230820934824e-06
0.013191894759298538
0.0
0.0
1.3796684830395003e-06
2.7576312254790083e-06
1.303811779352105e-06
1.6929285734142846e-06
2.9362439077251018e-06
1.233536386730905e-06
2.2189150285298017e-06
5.701674783772152e-06
4.769228613801733e-06
3.26069186799913e-06
2.9409626805890462e-06
2.5209800370868315e-06
3.6706827327542166e-07
1.5916917621876918e-06
0.0
4.719561019112194e-06
5.475299072060246e-06
7.45522671410551e-07
0.013191894759298538
2.7792030175296347e-06
4.366845303726883e-06
3.5683546666545588e-06
2.0201718597231869e-07
0.0
1.1137256860651439e-06
3.6901558518744504e-06
6.576509803256198e-07
2.2691823466612896e-06
1.6352169975453759e-06
0.0
4.323358531183411e-06
6.309416538589712e-07
0.0
8.602973758610989e-07
0.0
4.546389771657578e-06
1.1604616294141777e-06
3.993157389585843e-06
3.5030039580489694e-06
2.6665359164092923e-06
3.5711307546639603e-06
4.080344990694764e-06
1.7711762474425408e-06
5.151204104740123e-06
4.498862814783589e-06
3.6403882719163095e-06
4.7660568098945315e-06
0.0
0.0
2.1366055470928144e-06
0.0
2.1920866325835107e-07
8.639277630826267e-07
3.482196816600695e-07
2.5116691668876513e-06
0.0
4.254253868447306e-06
1.277828785892308e-06
2.7169633280703956e-06
1.2498659527672988e-06
1.777676060760235e-06
0.0
0.0
9.963613152173477e-08
2.689088686903174e-06
1.3128327340557177e-06
3.6215231405571648e-06
9.47779439490284e-07
1.416096762287798e-06
0.0
3.840782846046873e-06
2.3226495394581153e-07
1.464588986985255e-06
4.60754033789052e-06
3.330824054386336e-06
1.89297142325739e-06
1.7762171692353243e-06
0.0
4.339985455310241e-06
4.363610419239341e-06
0.0
5.1228182368701146e-06
2.400522352683681e-06
0.0
4.116887137547152e-06
4.304260998874643e-06
0.0
0.0
5.691338705668473e-06
2.4993329497674846e-06
3.5651522065626957e-06
2.3555291657733622e-06
3.19786510129602e-06
4.806469187298637e-06
4.659097856041024e-06
0.0
3.699697721478697e-06
1.8523343574415024e-06
1.6722928601299802e-06
3.8946251081804426e-06
5.49583007761851e-06
4.83304184519094e-06
0.0
2.82266153300372e-06
0.0
4.5126924654501354e-06
3.0581947427956574e-06
2.2057942490432625e-06
2.1859504661750707e-07
1.1080232447111211e-07
5.469921684469262e-06
2.1472038347679352e-07
0.0
1.3117329189036332e-06
9.438340600547697e-07
0.0
1.3068479307956792e-06
5.277893717518941e-06
0.0
5.701301091343688e-06
2.2800223494505375e-07
2.697919231043757e-06
0.0
6.503539001930032e-07
3.183246004369338e-07
3.33168120108534e-06
5.708912020724532e-06
3.737501291599406e-06
3.157567290549227e-06
0.0
0.013191894759298538
3.832357433634215e-06
9.491820182281705e-07
0.0
5.402710462038923e-06
4.510447825502538e-06
0.0
2.9305743997347146e-06
5.138284324145074e-06
5.2960588076557985e-06
1.2043039294078851e-06
1.3370057534251786e-06
1.7301696919776067e-06
2.538646870150881e-06
0.0
1.991725135152633e-06
1.8014801404463501e-06
2.6092777980695684e-06
1.3506988936979068e-06
2.845927217459905e-06
0.0
1.3348056060814656e-06
3.079777316063487e-06
5.081384738466733e-06
3.292650532371958e-06
5.031563591445371e-06
0.0
1.2233052991533094e-06
1.0188635459024908e-06
5.266284130071949e-06
0.0
0.0
4.575771552036789e-06
3.940411731820108e-06
5.3096815436264205e-06
3.1842620449722703e-06
0.0
5.568881910490354e-06
0.0
2.4517474213123914e-06
0.0
3.8094890021501635e-06
3.0673870739568026e-06
5.772570788009814e-06
1.9916544737528557e-08
0.013191894759298538
5.2826115839480054e-06
1.7314444673206233e-06
3.668627415110617e-06
3.0018397226974856e-06
0.0
4.555295540264275e-06
8.503971795196876e-07
7.094839345244488e-07
0.0
4.09059179920979e-06
2.4674967614077245e-06
2.378301638264024e-06
0.0
0.013191894759298538
3.854045382904e-06
2.9906396475119383e-07
2.0098324678586288e-06
5.069913888070331e-06
3.4683067844578877e-06
5.276393388624752e-06
4.565984133542406e-06
3.636126288249324e-06
3.7163060928728446e-06
3.5696737770256494e-06
0.0
5.41839142725406e-06
0.0
0.0
0.0
1.7568314996839692e-06
0.0
1.3910309853426057e-06
5.949817542075236e-08
4.315747087526376e-06
1.0161469812431761e-06
0.0
3.4206070729936803e-06
2.9326346784474292e-08
2.7240406079805204e-06
4.832442319842829e-06
0.0
1.957435307633536e-06
3.6445360537843333e-06
0.013191894759298538
5.470859189007849e-07
5.633460423532008e-08
5.598812318345372e-06
5.025970780321451e-06
1.7968422243797905e-06
9.946158347774628e-07
0.0
1.6248002308128989e-06
4.5242807658197134e-07
8.94653374990298e-08
2.9476705882790374e-06
1.3669608463432424e-06
1.6632050031719353e-06
1.2536549403703766e-06
1.2458388343405714e-07
3.4287275182573214e-06
5.679729111905539e-06
3.4670890214673234e-06
3.1455405208278204e-06
4.841826640731347e-06
0.0
3.917095845959176e-06
0.0
1.4953635189535162e-08
4.591830786859358e-06
0.0
3.6541128938500666e-07
5.188010698571119e-06
6.279470531427672e-07
7.374763256903108e-07
2.22797314994872e-06
8.115145834356866e-07
2.7957258813553912e-06
1.8030500912651315e-06
2.9984317337115345e-06
0.013191894759298538
7.069556486465767e-07
6.500379034580672e-07
1.1541497573748314e-06
3.877117232653913e-06
0.0
0.0
8.866913844265685e-07
1.053477553461448e-06
4.988687571048733e-06
5.52137560876349e-06
1.7290331586059016e-06
0.0
1.0455574354357178e-06
0.0
4.165191901798698e-07
0.0
2.6430796102325894e-06
1.3832370545933249e-06
2.1745719769227944e-06
4.901064045705855e-06
3.3326724235118886e-06
5.287625555229242e-06
1.05720157187751e-06
0.0
4.001546562998212e-06
1.870584254169777e-07
3.0945880873399906e-06
0.0
0.0
4.63343596498019e-06
4.158280229802392e-06
1.7781130018606914e-06
0.0
5.461130686840038e-06
3.3958311521939254e-07
4.834169508691512e-06
5.07318458880363e-06
0.013191894759298538
5.667646646099389e-06
5.251085312754364e-06
7.37509721139948e-08
0.0
2.15433551872343e-06
4.796183736625914e-06
2.811065055049792e-06
2.425656605689957e-06
0.0
4.041610496350678e-06
3.4432629969123982e-06
3.334358063926353e-06
0.0
4.233439074741885e-06
0.0
1.2755453775415296e-06
5.5575710959141584e-06
3.2251858629148483e-06
2.5989017958432324e-06
2.1689596089154896e-06
1.0866248807347991e-06
3.934557678372775e-06
5.082958285306468e-06
4.000562452343369e-06
5.261626273156213e-06
4.6173960507124546e-06
3.169072247587347e-06
1.423286027289307e-06
5.466922096531402e-06
0.0
0.0
0.0
5.581819155910987e-06
5.0355193605838745e-06
5.253237487256428e-06
4.559283356533549e-06
4.071502638354275e-06
4.399739408684849e-06
3.825278540216477e-06
9.088018171114325e-07
0.0
3.200599352543832e-07
3.1123995763081724e-06
2.366299931618399e-06
1.863058833708916e-06
2.5392270927248063e-06
0.0
3.6469709685630936e-06
5.151008847477152e-06
2.737675105507947e-06
4.7091392040583824e-06
3.723072374334558e-06
5.394798499596292e-06
6.712944287884791e-07
5.718253693431648e-06
4.660366251061024e-06
2.2996192406863913e-06
5.683190805858352e-06
8.463991328321061e-08
2.755471223432485e-06
4.6959536772235684e-06
2.1442457523493944e-06
4.226892340192521e-06
2.658391602718146e-07
2.0295828589295554e-06
1.5816764283118041e-06
1.505407296433642e-06
1.5271035410683486e-06
2.5435939296921966e-06
1.964213971321988e-06
3.4053603493140655e-06
5.546123215044925e-06
3.3664321943986177e-06
2.4904694305875495e-06
2.601829904020073e-06
4.932149760621832e-06
5.37556972985981e-06
4.5407929089868255e-06
1.0930267027394515e-06
2.8678071033520772e-06
3.602180965889783e-07
9.36299000334369e-07
1.8615217548910429e-06
0.0
0.0
0.0
0.0
1.5587315395211478e-06
4.412547284915518e-07
3.975590618063023e-06
3.062420242142278e-06
1.350625280438819e-06
7.751656725699117e-07
1.1249130485287255e-06
0.0
2.325954420589783e-06
0.0
5.534462676156062e-06
2.5081289441728702e-06
2.704918666370865e-07
2.1438186401153066e-06
4.686715223047963e-06
0.0
2.264159551491514e-06
4.085071941102591e-06
7.659432568249274e-07
0.0
3.830509235248347e-06
5.223655764653764e-06
2.6916252254699747e-07
6.107774886326101e-07
3.177122148204609e-06
5.646246418615687e-06
2.18680369582301e-06
3.7532282515612694e-06
4.368882771428646e-06
3.896733777982598e-06
3.484793585865429e-06
3.1950308125173756e-06
6.721278208295434e-07
6.37712382196333e-07
5.725312598242359e-06
5.442523752636926e-06
3.070993849063152e-06
2.3645228430353174e-06
3.5159904292078153e-07
0.0
5.522880771441664e-06
1.2491984254495023e-06
3.350221431305316e-06
3.0249171555900505e-06
2.7488868506230978e-06
3.3797126350939688e-06
0.0
1.8601393743923688e-08
4.478759498262711e-06
4.123567588405408e-06
4.422258539778874e-06
1.8278997849867197e-06
9.174549176190676e-07
2.7769013414824066e-06
4.671161574854594e-06
0.013191894759298538
1.7252775452385403e-06
5.402732561666107e-07
1.3237648199670157e-06
1.1925453961719673e-08
0.013191894759298538
1.4730713602393465e-06
5.5066301627021495e-06
1.8057166532786752e-06
2.5924891391844485e-06
2.192165337214096e-06
2.0130597479656976e-06
5.729272473168126e-06
3.713191047757878e-07
3.5296775947530658e-06
3.3631520767560896e-06
5.695173445922184e-06
3.957163759195874e-06
4.873357136190585e-07
1.6773220833980097e-06
0.0
1.0638591837215024e-06
3.703830623414761e-07
5.152376159611243e-06
4.413218906930438e-06
2.709710089787142e-06
0.013191894759298538
4.858250539030436e-06
4.015455175117232e-06
3.641633077631279e-06
2.2326950573991202e-06
4.610292360562056e-06
2.176871111458235e-07
0.0
3.0926599298248634e-06
2.2755014092167002e-06
3.6765178213862725e-06
3.2007502103078198e-06
1.3211437507650478e-06
9.82514655841008e-07
4.80715384104669e-06
7.357185330907503e-07
4.6812321124344735e-06
8.457129503109637e-07
2.4036662535512366e-06
1.557895111837016e-06
0.0
1.9572631773251705e-06
0.0
1.1963103671330027e-06
2.066359231202685e-06
3.0893262671218867e-06
9.215528531640681e-07
5.288486805314724e-06
6.207385323739936e-07
5.615528475410019e-06
1.5487163686786409e-06
1.6708892495495228e-06
9.65094262652463e-07
3.1984307217565572e-06
5.108367950110698e-06
0.0
8.957176376389869e-07
1.784199926778035e-06
2.0484813611560383e-06
2.6301087696309586e-06
3.3623762806753624e-06
4.308541406354724e-06
1.6351810595296965e-06
2.1875639797749766e-06
4.491472359113607e-06
1.988056250522036e-06
5.352316726338249e-06
0.0
5.3014122393226296e-06
3.5944440781499543e-06
4.700853022089072e-06
5.376213867029281e-06
0.0
4.9683129998092135e-06
3.407319796342718e-06
5.581989931570975e-06
5.0428154838367506e-06
4.297491924491791e-06
1.1299403245833424e-06
5.610481452321902e-06
2.2239681822900573e-06
2.316861633132768e-06
2.1683267369934935e-06
5.541047612134452e-06
5.0203787213506585e-06
3.718921570311535e-06
4.53736089580564e-06
1.7317310620160495e-06
4.690936806413361e-06
3.3025573288643253e-06
4.226387562286867e-06
1.3911725782174242e-07
9.367954290581255e-07
4.874878083458725e-06
5.5418945461877454e-06
0.0
5.181966345818406e-06
5.711878566320109e-06
0.0
5.190934280272336e-06
4.3925146494473104e-06
5.570124263159587e-06
5.308456256630243e-06
0.0
3.5376043405179787e-06
3.040351161426371e-06
2.4299691006897438e-06
0.0
5.277239881661499e-06
2.032838331561338e-06
3.3391819343929247e-06
4.506324681385754e-06
5.0343433681908035e-06
4.239998717890331e-06
3.876946522495707e-06
4.384223437356506e-06
5.537278893473386e-06
5.138196424402773e-06
0.0
2.454488169478536e-06
3.522658300551399e-06
1.6143836479823683e-06
1.4439619964906738e-06
3.7479119861814e-06
2.7869194191348356e-06
1.5361872036472624e-06
1.2030969604025197e-06
5.023649801840655e-06
4.840331741734271e-06
7.674131164752003e-07
2.2144408103678215e-06
5.591294285749839e-07
4.366092012983869e-06
4.41691028274985e-06
1.9189590637158943e-07
8.906818649774711e-07
5.6180414688696e-06
5.264044389691986e-06
3.5163835148720946e-06
3.432015590945714e-06
0.0
4.37429563093513e-06
1.616589573692721e-06
3.68827000987648e-06
1.9512753544792165e-06
2.9219166679070053e-06
4.7402408998846973e-07
2.185002219422628e-06
3.3302254544591665e-06
9.094595299763293e-07
7.749254798549476e-07
3.2499004559198978e-06
4.196363098149793e-06
5.639623802451113e-06
2.907798550622753e-06
6.715262204210333e-07
2.210353995579874e-06
0.0
5.608552043735078e-06
1.8725500125616735e-06
2.652408930941826e-06
7.748490828990905e-07
1.6956052554679654e-06
1.8342548735546938e-06
3.86798518046123e-07
4.0869240096898244e-06
0.0
1.7217445549907455e-08
6.126447126766603e-07
2.0953577607968267e-06
9.297582940055826e-07
5.258626107265458e-06
2.5273824932716486e-06
0.0
3.34495277865673e-06
8.357251310818889e-07
1.450236922566123e-06
3.7710997383719045e-06
2.8406571020268287e-06
3.643524219812681e-06
1.9837941304241416e-06
4.382242366469729e-06
3.918278011684275e-07
0.0
3.928952842348857e-06
2.887161711080665e-06
4.109920759212138e-06
1.5120541974180855e-07
3.763490764790358e-06
4.757742870145597e-06
4.20938020158562e-06
0.0
3.893636830937995e-06
5.072613345310012e-06
1.0536351123845386e-06
2.2590195106333843e-06
2.456469880159418e-06
3.886580150467694e-06
2.075568428584016e-06
1.8233006749345305e-06
0.0
3.6019589564830266e-06
0.0
3.003303636882998e-06
2.4726820925806694e-06
5.196960822433806e-06
6.004636256622078e-07
2.1578801410220508e-06
0.0
2.500129860794706e-07
4.58735346208832e-07
1.5949544541645018e-06
5.319131235117932e-06
7.338563698800044e-07
4.696756643405542e-06
2.3285178712674945e-07
2.245595231701201e-06
3.133320182826385e-07
4.293481163073501e-06
5.465498818287573e-06
8.509341670000439e-07
1.289502910330389e-06
3.760085573589032e-06
4.127563183639677e-06
4.401344877980559e-06
4.014316280902007e-06
8.299849514918998e-07
4.3881292172185235e-06
4.328326328258719e-06
1.8661887209648406e-06
1.6266213895783496e-06
3.1047118954286514e-06
1.159093627706187e-06
4.529438437545232e-06
0.0
0.0
1.977784411645179e-06
8.689002941642133e-07
0.0
2.212459067267501e-06
0.0
4.49997264421524e-06
0.0
1.6077464850246476e-07
1.147493495991965e-06
5.436355522744048e-06
4.6223608317248805e-06
5.687118285082065e-06
5.548022927915588e-06
3.809888090446432e-07
5.654418010692433e-06
1.4958948861990962e-06
0.0
0.0
5.502883019985242e-06
2.347883318650552e-06
2.810159099672883e-06
4.1730252808952346e-07
3.3782922006559046e-06
2.54104714469511e-06
1.931955998049731e-08
8.699842483927661e-07
4.225523673442359e-07
1.8228760520820253e-06
2.0835726553700714e-07
2.3515643014766886e-06
2.1680886475590507e-06
1.9412411601463003e-06
2.3086593933465114e-06
2.4238637594281363e-06
5.630653563426094e-06
2.790854795503391e-06
4.1876358756455e-06
0.0
3.4847353711179794e-06
4.824086963214294e-07
2.3472548799381e-06
5.633817393394765e-06
2.189476258763231e-06
0.0
4.396428081136592e-06
3.7509391321122404e-06
4.319175458508724e-06
2.2600820227627595e-06
0.0
5.172106693819462e-06
5.172420362450449e-06
4.73305460134986e-06
2.2954477051317443e-06
0.0
3.425049321922157e-06
4.695226397245752e-06
4.669328957020227e-06
2.458174241813526e-06
4.231984118213383e-06
2.2494248520817708e-07
2.901979741974457e-06
2.45032854266235e-06
7.435918790776347e-07
0.0
1.238636378470417e-06
1.5021257208618127e-06
4.837550658417892e-06
3.0115356356754386e-06
2.375676895524118e-06
5.724552376289461e-06
5.1436595193278236e-06
0.0
5.381889469360273e-06
0.0
4.4323586703347046e-06
2.717500700006025e-06
1.119687275958805e-06
5.5456849778517655e-06
4.8434253903138995e-06
5.529342359791877e-06
0.0
2.7399968367734715e-06
3.307847853064158e-06
0.0
1.52617991986801e-06
4.336445992419826e-06
4.068099687249302e-06
2.915627797081873e-06
0.0
0.0
3.7483074781494987e-07
4.805912760132354e-06
5.434540405359341e-06
5.254437166941671e-06
3.567250718839424e-06
1.7707287136658927e-06
4.064536812481571e-06
3.987998242977141e-06
1.0656023583223726e-06
2.389528096708447e-06
0.0
1.6604007217490676e-06
5.533115160073301e-06
4.352812899929657e-06
4.732404018815053e-06
2.0049506776011257e-06
1.9374219929096816e-06
5.216250392537772e-06
3.411801790599151e-06
1.6793524411688634e-06
5.531120815403627e-06
2.2033448316377686e-06
1.2573645407808603e-06
4.571070671300945e-06
4.475173136337278e-06
5.067003451669076e-06
0.0
4.9157514035614e-06
4.843699943376014e-06
2.087425254081696e-06
9.004137980022171e-07
7.550575680032958e-07
2.1714795581129748e-06
1.6408087157941162e-06
1.1916780501035061e-06
0.0
4.289925218185315e-06
5.516505322646086e-06
0.0
4.850572837790573e-06
1.4125148113379355e-06
5.2901130227800856e-06
5.679144450056156e-06
9.089865751488079e-07
7.697700229276195e-07
0.0
4.492256480461518e-06
9.871521686047339e-07
1.7458839078154433e-06
4.2013080052770484e-07
4.8719959964879685e-06
1.827891272902994e-06
1.1546000763114144e-06
4.815662081687757e-06
6.031204595930279e-08
2.1737291033729857e-07
4.9773533222891845e-06
2.679760252004694e-06
0.0
0.0
4.587747436199724e-06
8.048063314624155e-07
5.62867924482898e-06
3.57452427396424e-06
5.092506010349512e-06
0.0
4.7965696857995805e-06
0.0
9.100162438373289e-07
2.351603005545816e-07
3.821317926336918e-06
2.4761122476069312e-06
3.3701636416114774e-06
0.0
3.983182027368241e-06
4.4773129574874156e-06
1.544315544880426e-07
2.9401939069166726e-06
5.221737681596083e-06
1.3235408722707928e-06
2.4670836212533304e-06
2.8724991158508678e-06
0.013191894759298538
2.052430708635687e-06
2.0053726419068145e-06
5.160603295313308e-06
2.385994816965405e-06
6.174093805162528e-07
2.642950876061092e-06
3.088991042460671e-06
1.3095610472224406e-06
1.3752783355222158e-06
1.475707708008018e-06
9.663320047533744e-07
0.0
2.945527704343736e-06
2.861696302327135e-06
5.755035188518242e-07
4.857479618962573e-06
3.1817268983210936e-06
3.5938199398713663e-06
1.7386847159007945e-06
5.079522642797203e-06
4.646554471513326e-06
1.7929926344401257e-06
2.412483141310512e-06
0.0
2.8167634448803165e-06
3.468412645283495e-06
4.612695425834782e-06
4.697948336869054e-06
4.91248849378436e-06
2.645204733209664e-06
0.0
4.13584941511858e-06
4.20389518889186e-06
3.077009771608694e-06
5.575722188147102e-06
2.8131568220328216e-06
5.461296414356432e-07
4.946022538837985e-06
5.405532615420955e-06
1.095162820634984e-06
4.622036973739276e-06
4.080175888679149e-06
5.468620189476011e-06
4.126977200917755e-06
0.0
5.984489009634764e-08
3.974528010295035e-06
5.361541680537778e-06
5.312160160399183e-06
4.440974810204256e-06
2.822663321766434e-07
2.839061418186039e-06
0.0
1.6078119445816707e-06
1.1228736469396145e-06
5.512809976812791e-07
1.4299232515080692e-06
3.137436430654345e-06
1.6241126715819878e-07
1.814628160424399e-06
0.0
1.779984920785442e-07
1.1060689637955194e-06
2.3737395790547837e-07
2.001294620910691e-06
2.8114942424728872e-06
3.535476155925823e-06
2.770960812173923e-07
4.219465054520191e-07
6.839103213950622e-07
2.7285746132343792e-06
5.435176743337509e-06
0.0
2.10291270468677e-06
0.0
4.237889056363687e-06
3.855645781410409e-06
3.1067701660629736e-06
4.878977287367153e-06
0.0
0.0
0.0
5.364834663921632e-06
2.7046796571607816e-06
2.850913399010043e-06
0.0
4.682359804058108e-06
0.0
8.35645104496862e-07
1.4340981396486456e-06
2.0093299727149253e-06
4.724709721823929e-06
3.817797944604375e-06
2.4466609355016392e-06
0.0
2.5028916101018363e-06
5.042854951696969e-06
0.0
4.619390651652849e-06
2.877069006388149e-06
7.058216147876222e-07
3.998078958913687e-06
1.6374036226900877e-07
3.947045388339787e-06
0.0
6.191466932128681e-07
0.0
1.2274237337056686e-06
3.553859843054917e-06
2.0731543751882748e-06
0.0
4.244966719729623e-06
1.2198388456581513e-06
0.0
5.545571331301347e-06
7.526409508832952e-07
5.433893434716567e-07
2.4873524990954397e-06
4.581322480256279e-06
5.531836365901397e-06
8.66332705818088e-09
2.106211702609688e-06
2.610156855695608e-06
5.159282601344165e-06
3.0385118891902902e-06
0.0
8.0039610315068e-07
3.127682280752546e-06
2.761251275086538e-06
1.5427751959510753e-06
4.234372099233832e-06
4.307176308573786e-06
1.8625300650471283e-06
0.0
3.2617985774522543e-06
4.440191010252672e-07
4.728726014498856e-06
0.0
4.347760127323226e-06
5.543506460047184e-06
2.5360712480826277e-06
2.926181931628878e-06
7.334968110930852e-07
3.4685002805429736e-06
2.880254917853177e-06
2.3605950521043216e-08
0.0
4.575106688154618e-06
1.7180357203741608e-06
3.275326361101605e-06
5.212463893677409e-06
0.0
6.127135015366275e-07
2.0904907351573926e-07
4.03450070133449e-06
5.549882982534583e-06
3.964363457640775e-06
3.285775712089421e-07
9.235582637799867e-07
5.096209680291174e-07
3.416408309035743e-06
2.396931157284669e-06
2.294503133193143e-06
2.959022593080259e-07
1.1104937360064465e-06
0.0
3.304287469889601e-06
6.729582055675247e-07
2.031176075763868e-06
0.0
0.0
3.083921986486226e-06
3.807206814013001e-06
4.248725870531843e-06
1.0791235816727918e-06
5.606585757313898e-06
2.497696762434779e-06
3.152730987102414e-06
1.9944980376312887e-06
5.46754325454813e-06
3.6632186517727002e-06
5.669157752720751e-06
4.814600724209344e-06
1.2792764392588452e-07
4.639055754825065e-06
0.0
0.0
1.0367274509527753e-06
4.293599247516065e-06
5.094041030023828e-07
2.0457795914679715e-06
2.914826496091583e-06
1.4004860252285079e-06
5.4116631148226325e-06
4.850241684772743e-06
1.604444747077278e-06
3.979151488799615e-06
7.135155477485599e-07
2.5769319798574806e-06
2.1253433292461357e-06
4.974215096307516e-06
2.5779073963979976e-06
4.806186908106662e-06
7.219092941221051e-08
4.420881832176897e-06
0.0
2.1035370060136457e-06
2.255569588623605e-06
0.0
7.628662526640328e-07
2.644759253019276e-06
0.0
2.7293760679430397e-06
1.4520247349985343e-06
1.293609372904495e-06
5.765602901447178e-07
2.1504825481907567e-06
3.886228822002244e-06
1.8826309215642233e-06
1.0132576810294077e-06
3.5443572309833912e-06
3.7360460206750615e-06
4.370082076573203e-06
1.8147400700355231e-06
0.0
3.210810631430095e-06
5.608231409329371e-07
1.8135513840433657e-06
8.367141339820816e-07
5.6858546488253835e-06
4.608701583751509e-06
4.34839211050119e-06
1.5982707328316804e-06
3.741070802659672e-06
2.9645317396593154e-06
0.0
9.76892476588626e-07
1.864328635051269e-06
2.900552439312743e-06
4.641937128471341e-06
4.258782209912719e-06
1.3728087069312435e-06
3.3314191348062358e-06
0.0
4.32646338048172e-06
5.273402426924904e-06
0.0
1.619980274403765e-06
0.0
1.0648343138413549e-06
1.8383513251336474e-06
2.8977894794100657e-06
5.066790119555531e-06
3.6661062192959065e-06
4.473933873091962e-06
3.2787729652083273e-06
2.495709061298922e-06
4.06269041133679e-06
2.4935238148655094e-06
7.611207844885003e-07
1.23801216401328e-06
4.22020436904227e-06
4.895764153045003e-06
4.879352725614535e-07
6.753151151060742e-07
5.636396156364847e-06
4.3373074327829945e-06
2.4604767251441186e-06
2.717358364808521e-06
1.6680722068017761e-06
4.8561109190014e-06
1.3837574505923109e-06
5.167656447854311e-06
3.6858568674508196e-07
4.027524844375325e-06
7.004325082657341e-07
3.4489417813517562e-06
5.3579722330879124e-06
3.948537406521938e-06
2.3406638187225458e-07
3.329688430988029e-06
0.0
0.0
2.3814822951835664e-07
5.6205356155971175e-06
5.089764925596436e-06
1.5293448540819157e-06
0.0
2.568195176513433e-06
5.193183084153326e-07
4.240413052593679e-06
3.049573900462003e-06
0.0
2.0252136389617148e-08
0.0
1.1095625537470504e-06
3.0104928934050352e-06
3.5405434470294945e-06
4.823899008436261e-06
2.4362575364598012e-06
2.587148955610166e-06
2.572320415960675e-06
3.977426190333838e-06
5.189591448767681e-06
4.926171219020179e-06
4.02555024149068e-06
5.601337172404846e-06
2.1394751829634975e-07
0.0
4.355065632165973e-06
4.43991814930507e-06
1.687958020460714e-07
1.5315189712493463e-06
0.0
0.0
3.704482521048947e-06
2.958912236359872e-06
4.6786993982403315e-06
0.0
2.1658230614412654e-06
1.3348249635782448e-06
3.3652093311133686e-07
7.617514490842449e-07
8.647597278248028e-07
4.2701054515524006e-06
1.908247147606475e-06
2.4543692667331386e-06
3.376020696150673e-06
5.399378511634222e-06
0.0
2.7143135835123434e-06
2.8066288893197846e-06
1.0992320106757818e-06
2.2683439392103083e-06
5.152985786340562e-06
3.1144693610236616e-06
5.053828354997107e-06
4.114321442338703e-06
0.0
1.991524429545368e-06
2.289961342507629e-06
3.125306783018544e-07
3.5729262004353003e-06
1.183741844051206e-06
3.1403458109057456e-06
1.8460966681016073e-06
4.658245801473608e-06
0.0
2.9035993370438073e-06
4.39916599630471e-06
0.0
4.295884452459247e-06
3.9434714753287635e-06
8.203887050925244e-07
0.0
2.6815747034507576e-06
3.607451850011161e-06
5.314598347398984e-06
3.128453502411379e-06
5.600824751002509e-06
5.2434306767469225e-06
3.7772885156973977e-07
0.0
5.257891400914827e-06
7.6265796335938e-07
2.1929335569788143e-06
3.4363103904046376e-06
1.5670013711000505e-06
1.5428184943519837e-06
5.46129534384456e-06
0.0
1.8845648552828302e-06
2.92222425683755e-06
4.076689396976241e-06
0.0
4.423681313133828e-06
3.8106988286797822e-06
4.48448588581392e-06
0.0
4.5169469479372285e-06
1.4195166121311233e-06
3.325088630304627e-06
3.90563591492345e-06
9.615855839201888e-07
0.013191894759298538
0.0
0.0
3.7921037375120996e-06
2.144923155859505e-06
4.430933383838074e-06
0.0
0.0
4.207586918527487e-06
2.2445176470608444e-07
0.0
4.185752355686623e-06
0.0
3.130411224083893e-07
0.0
0.0
2.9220145758061917e-06
9.629561769229724e-07
7.225457264393752e-08
4.40493388696893e-06
0.0
4.8525683113915095e-06
3.07005480070358e-06
2.048770894842704e-06
8.918412149084422e-07
1.4762759884246975e-06
5.192391339641394e-06
0.0
0.0
4.6755964922011364e-08
5.050948970710812e-06
2.8156706637992857e-06
1.5065003042611283e-06
2.7937041339842825e-06
2.3084984896658324e-07
1.7497063886650893e-06
4.316834648212871e-06
1.350699948746827e-07
0.0
3.0823384324572366e-06
0.0
4.251617653375857e-06
2.47631591191993e-06
1.6073113202044723e-06
3.612164534217889e-06
0.0
0.0
4.301833070573976e-06
1.921673054026382e-06
4.2857771907257626e-06
2.3459187220762217e-06
0.0
0.0
1.4104251314436715e-06
0.0
1.6410864053187366e-06
1.722675876171754e-07
2.5057171103961273e-06
6.410563819465988e-07
4.1181866099004975e-06
3.7774037318799327e-06
2.9724406262007433e-06
5.4458568665608415e-06
0.0
4.50705495225062e-06
3.4889254211146874e-06
5.418819206686818e-06
0.013191894759298538
5.547693423179099e-06
1.0097802360123558e-06
1.828397249372317e-06
1.1513305883911836e-06
3.7244129087908544e-06
0.0
1.8868987663385043e-06
3.4603316550817856e-07
1.8698487791822403e-06
5.091271045804187e-06
0.0
0.0
2.6494636341405247e-06
4.085919291756549e-06
4.689599480305219e-06
2.8110817369102107e-07
2.2404379080243107e-07
0.0
1.2553931207677082e-06
4.209404835980081e-06
3.02304237851839e-06
2.1360591438618635e-06
1.209301932109389e-06
5.626607016746192e-06
2.3244677554623495e-06
5.051732646088536e-06
0.0
1.044923547919773e-06
1.3494526899245572e-06
4.965501949335378e-06
0.0
9.458294259118841e-07
2.481783401772647e-06
4.123783355888659e-06
3.722393861385431e-06
4.9263974582053105e-06
1.4358650810884999e-06
0.0
2.744446907121362e-06
2.240503580238723e-07
1.4658534346637078e-06
0.0
5.354349514115589e-06
1.7925754394432584e-06
2.4373506065806575e-06
2.8817980314693493e-06
0.0
1.699122999244035e-06
5.5189647323368595e-06
0.0
3.4637458863040236e-06
6.228923640282428e-07
5.0563194162316935e-06
1.1325523878416057e-06
2.0251183001652673e-06
4.776664330980722e-06
4.8364388591889623e-08
0.0
0.0
9.44527748962246e-07
2.941818011010142e-06
1.1696863937148188e-07
9.839457892372003e-08
4.873792811454204e-06
1.5237098126126252e-06
4.0769676207666097e-07
1.5719276334772327e-06
5.260798659658655e-06
4.878050520378455e-06
4.2253461316203455e-06
0.0
3.2912463400860783e-06
6.79520742883038e-07
1.4441324150435248e-06
0.0
2.615599117712016e-06
5.147260379366302e-06
1.1685664507094557e-06
2.5554051682953556e-06
3.124110883922015e-06
0.0
3.2684986809073785e-06
0.0
0.0
2.1945323806801336e-06
4.26896013617726e-06
1.831391350723575e-06
4.882313598881424e-06
3.7360572194802686e-06
6.830930427176438e-07
3.845694915378287e-06
2.817316018164072e-06
2.050589792180486e-06
2.0429268796851257e-06
0.0
1.221535957592489e-06
0.0
4.215812787520443e-06
1.5372780096925378e-06
1.4231578803571892e-06
4.3413399880192014e-06
2.6181976512940664e-06
4.447223371345794e-06
1.3032447587490615e-06
4.571927057905378e-06
1.4281506905926257e-07
9.106640005300592e-07
5.477316692186213e-06
3.5495600303161444e-06
2.2467441166052016e-06
3.7999999334607234e-06
6.542835372026214e-07
2.634919141827639e-06
3.536055727888438e-06
0.0
5.16774965432785e-07
6.272499480795888e-07
0.0
4.431100535509857e-06
2.9704562266670812e-06
0.0
4.7474899223325955e-06
1.3248358661756743e-06
2.9839915370475497e-06
4.39117228861679e-06
5.298693357177663e-06
0.0
3.856207634582435e-07
2.246189980787502e-06
1.6406255274916448e-06
4.776381278131478e-06
1.6022576969849525e-06
0.0
5.511282609543741e-06
5.562547389866258e-06
1.1871541126433033e-06
2.3048576427821054e-06
2.324828028987639e-06
4.788357335828047e-06
5.690608369269934e-06
1.2912941760187409e-06
2.382446125661616e-06
0.0
5.667383042443925e-06
1.2949778699178468e-06
1.1507416638475135e-06
1.0052179473932021e-06
7.830751581065298e-07
5.364677237839583e-06
4.344539170003086e-06
0.013191894759298538
2.176094640071232e-06
5.749952959402325e-06
0.0
0.0
9.375175446799746e-07
0.0
2.2269887937104967e-06
0.0
3.1706140424756646e-06
4.0013689857140614e-06
0.0
2.386821196693564e-06
2.3263732312690687e-07
5.170787930784394e-06
5.676830812286327e-06
0.0
3.1522596656084437e-06
3.8100111693195763e-06
1.8158907616083314e-07
4.8886658251402215e-06
2.477496451647882e-07
3.6924775230385723e-06
1.9550736403584324e-06
3.3746480693388757e-07
4.345695932580388e-06
2.0784567517297422e-07
0.0
0.0
1.2456257352197841e-06
2.3366291536920886e-06
0.0
0.0
0.0
0.0
2.3358517892201107e-06
0.0
3.6907509697433902e-06
0.0
2.1255831877539315e-06
2.69261925905505e-06
1.681393000727778e-06
3.130331177262652e-06
0.0
1.0400358311715935e-06
5.089216513754725e-06
4.6238933496723665e-06
0.013191894759298538
4.404355492623006e-06
4.316609513419965e-06
5.469121143955032e-07
3.3456078467970085e-06
0.0
0.013191894759298538
0.0
3.3206277013812225e-06
1.4916175471290703e-06
1.2408711087031075e-06
0.0
1.8135251099027133e-06
4.146036402169776e-06
5.084219125949556e-06
0.0
2.6966847491441887e-06
1.5536584592392718e-06
4.805126156786811e-06
7.189037334251347e-07
3.922555377349347e-06
0.0
0.0
2.3190355990821464e-07
2.26739016017726e-06
4.514160393353392e-06
2.752114108677411e-06
0.0
1.0256479642248302e-06
0.0
4.507715840527945e-06
5.2673879335678635e-06
3.113151476341792e-06
0.0
5.131467164977624e-06
0.0
1.977035109935352e-06
3.329393234341371e-06
0.0
3.897089131751295e-06
1.9031200235231343e-06
3.1940127935466564e-06
1.9498138087842717e-06
4.256529195022811e-06
4.5108958514307135e-06
0.0
2.4767191551094465e-06
1.5687917742817932e-06
4.788619942318014e-07
4.461961758197018e-06
0.013191894759298538
0.0
4.9738456586170795e-06
2.461970164877183e-07
5.2435489736101114e-06
2.3229674729909364e-06
3.2869889932764383e-06
0.0
0.013191894759298538
0.013191894759298538
3.6080617751879303e-07
5.015938179704841e-06
7.319932846229263e-07
3.9270805864013765e-06
2.176099296130042e-06
1.2395915070290886e-06
3.981702772219069e-06
2.578443275167651e-06
5.6197891401225275e-06
2.086473384382288e-06
1.9801400178409632e-06
1.718066837852313e-06
3.861097448955583e-07
3.505409110598318e-08
1.962213465698276e-06
7.28235762808159e-07
1.9553105597666152e-06
4.134770271686555e-06
1.2691451840670662e-06
0.0
3.3596236478042666e-06
3.6875375626593706e-06
0.0
6.725383493457093e-07
0.0
2.497028441852479e-06
5.431280496504643e-06
1.0048841946980322e-06
0.0
0.0
7.555532324202777e-07
0.0
0.0
0.0
5.421772726474267e-07
2.6233604982257976e-06
3.130893473116644e-07
0.0
5.624095633685609e-06
2.0885321142567766e-06
0.0
0.0
0.0
8.849857873191017e-07
6.051976101264933e-07
2.6599334319126344e-06
5.315392295532795e-06
9.13476178748374e-07
0.0
3.3251710512121276e-06
0.0
1.9607444270114613e-07
0.0
0.0
0.0
0.0
2.546435352829734e-06
0.0
2.0225736094517534e-06
0.013191894759298538
0.0
0.0
1.58604875529595e-06
5.4425889182164025e-06
0.013191894759298538
0.0
5.428409022326074e-06
3.588228111651536e-06
3.89561391028709e-06
5.380267044111831e-06
1.3228780382250569e-06
4.563419341177596e-06
3.696456302575296e-06
4.7675792070254054e-06
9.607168736408354e-07
4.655181364541285e-06
2.108250317326818e-06
2.2445836644941426e-06
3.370243926509184e-06
0.0
2.5265403106370062e-06
3.337798465026208e-06
3.1421729165382867e-06
4.598053076698334e-06
0.0
1.8441065977193324e-07
0.0
1.351791728187702e-06
0.0
1.6988656600779875e-06
0.0
4.538296619851103e-06
3.319227229675215e-06
1.5066020641231753e-06
0.0
4.223050207600983e-07
2.6703570723802827e-06
0.0
3.6355077418894445e-06
1.9494147327425917e-06
0.0
0.0
3.783329738499295e-06
1.8888862793883817e-06
3.4985144597170156e-06
4.1863898806608026e-06
1.0275097740071113e-06
0.0
3.7939812521041234e-06
3.0145822757160877e-06
0.0
0.0
6.473162596853785e-07
3.5716459386216375e-07
3.068041785139287e-06
0.0
1.0702311143691826e-06
1.3840593287544004e-06
0.0
8.351225126187963e-07
5.048836404932274e-06
2.5132938065805626e-06
0.0
0.013191894759298538
1.3009684864526444e-06
5.214801613292992e-06
5.615915844853686e-06
7.416520811402649e-08
1.5409554252039991e-06
0.013191894759298538
8.851730444012201e-07
4.216569120699215e-06
7.94139362260225e-07
2.0475143528167484e-06
4.952514608828962e-06
1.3358652466497638e-06
3.1169264343594856e-06
4.500695684441976e-06
3.107569764975445e-06
0.0
4.118161780719791e-07
3.327350454939307e-06
2.600975541909271e-06
1.1566668227754004e-06
0.0
4.1638928029264874e-07
9.170566400203185e-07
3.808165608103438e-06
1.763651547642886e-06
3.962607336919997e-06
5.500663690134569e-06
0.0
1.9392504914240013e-06
1.7186847159025698e-06
2.341379773749634e-06
4.898985022554993e-06
1.6129302286192863e-06
8.984796172354766e-07
0.0
5.433887971993893e-06
1.4696455226145993e-06
9.411497829675326e-07
0.0
3.934561703690827e-06
0.0
5.744893872323041e-06
1.5842703068717973e-06
1.931915596327909e-06
0.0
4.942837978607867e-06
4.842875215948785e-06
0.0
6.445328637049737e-07
3.825858911661146e-06
6.652211316054209e-07
1.3088300462234727e-09
6.861004744862183e-07
3.7192248606256773e-06
0.0
0.0
4.055500797594326e-06
2.2513686500458265e-08
0.0
0.0
0.0
2.004368174161855e-06
0.0
0.0
6.977604090656648e-07
5.502455578792045e-06
2.009163131868168e-06
0.0
0.0
0.013191894759298538
6.588826089561674e-08
6.32422281636511e-07
4.2914206170838756e-06
7.072416710509935e-08
5.315062317651434e-06
0.0
3.5510861681080602e-06
4.694262555475079e-06
0.0
0.0
4.560561076727382e-06
0.0
2.7078222130007477e-06
0.0
0.0
4.498487294439844e-06
0.0
0.0
0.013191894759298538
3.2960544399149736e-06
4.007083146712473e-06
0.013191894759298538
1.8736992623665779e-06
0.0
0.0
0.0
1.8426718761869198e-06
5.060906160223486e-06
1.3661699182667187e-07
2.1875267024897183e-06
0.0
1.463322339251642e-06
3.3452163660204987e-06
2.6378035056378216e-06
0.013191894759298538
2.9009426560587673e-06
0.0
3.8818762489185686e-06
6.860508800982117e-07
3.7667076729557704e-07
0.0
3.6734694131426805e-06
6.390561393156809e-07
0.0
5.493465240454372e-06
5.084742315166492e-06
0.0
2.910049242715406e-06
5.692243100453254e-06
3.988196876360191e-06
0.0
3.761728583771637e-06
3.884476658935618e-06
5.4002935207890374e-06
4.706525579908319e-06
0.0
0.013191894759298538
3.976092576890334e-06
0.0
2.5288359644729017e-06
3.859217669383516e-06
1.898587342921943e-06
0.0
4.629543460108937e-06
2.821486012395873e-06
0.0
4.65894767079728e-06
0.0
0.0
3.825363761751603e-06
0.013191894759298538
4.01198051317349e-07
8.923379124524612e-07
3.8062878886256986e-06
5.513958851803535e-07
4.111352702629731e-06
0.0
9.1588592717762e-07
4.698262153589548e-06
5.413211216474706e-07
5.5779445195667445e-06
4.68675605878191e-06
5.646440922855915e-06
7.037556859320389e-07
4.513573243703642e-06
0.0
0.0
9.98631451419192e-07
0.0
6.500368094241727e-08
2.273759291134053e-06
0.0
1.4252515591953756e-07
0.0
5.392754316843979e-06
0.0
4.267449987738798e-06
2.5810774079756846e-06
0.0
0.013191894759298538
7.681911441512145e-07
4.274333504477382e-06
0.0
0.013191894759298538
3.908889504770982e-06
6.792902217087939e-07
2.106807763639499e-06
0.0
4.796110289304816e-06
3.131714213730597e-06
3.3205839598991458e-06
1.7430080723836836e-06
5.063604871216438e-06
4.781953328260952e-06
1.217229322276922e-06
2.6581448006197743e-06
0.0
5.5599887670175985e-06
3.2704037230848843e-06
4.452692212071959e-06
2.931424816726075e-06
2.808807492217423e-06
0.0
9.67207542955915e-07
0.0
0.0
0.0
0.0
0.0
0.0
0.0
5.531196819388679e-08
2.491879303105634e-06
4.249524969480541e-06
2.331366867988005e-06
4.071231027973424e-06
2.4560974505300062e-06
0.0
4.509531787999927e-06
2.5999252638565495e-06
4.014906771880285e-06
4.142077104291249e-06
1.7671359045763506e-06
4.32716135962441e-06
1.91313271019899e-06
0.0
3.8202770010742835e-06
5.702086031948042e-06
4.760672795380152e-06
2.16627283907781e-06
3.4405979543312137e-06
2.991244760985208e-06
4.11054708513375e-06
2.142048691112978e-06
3.7214902769247196e-07
5.078014875946893e-06
0.0
0.013191894759298538
2.3134302105597755e-06
3.7146663686656177e-06
1.7802789199318912e-06
4.026227158579541e-06
1.439295867976621e-06
0.0
4.235287847604152e-06
3.52646859243026e-06
3.0012591478407853e-06
1.5697716060063317e-06
6.68849887969262e-07
2.09721571540867e-06
5.5304300569227215e-06
1.3354977118939887e-06
5.294870491489017e-06
3.289771270731348e-06
0.013191894759298538
5.034122320180775e-06
5.34474856850642e-07
5.036202854063462e-06
1.8526329385803416e-06
5.63062364759442e-06
0.013191894759298538
1.3350960470438313e-06
5.100168144153066e-06
5.436053437729444e-06
0.0
0.0
2.6772639638512033e-06
1.7523924748990526e-06
0.013191894759298538
0.0
1.3886893677259136e-06
8.55139212967896e-07
2.8439415853982046e-06
0.0
4.810516281200787e-06
4.862895074029072e-06
3.4729016299710027e-06
0.013191894759298538
3.5819618955178612e-06
2.986366215708764e-06
0.0
0.0
0.0
8.92987862309699e-07
3.59094182331408e-06
0.013191894759298538
3.0553230447878113e-06
3.5555644100792964e-06
0.0
4.486124883453367e-06
0.0
4.573677670703486e-06
5.176405529010617e-06
0.0
5.065295150698489e-07
0.0
8.051727372014511e-07
8.794732544453244e-07
3.887609349181875e-07
4.611607071273649e-06
5.551890979235168e-06
3.4951020917358326e-06
1.1589091188033505e-06
0.0
5.4155794545539355e-06
0.0
4.415595193049341e-06
4.169201909626864e-06
1.0873349660115228e-06
3.7775980547085824e-06
2.6873859773272607e-06
2.6450852084659067e-06
0.0
5.123105031257901e-06
2.6474540840956033e-06
4.262671601102019e-06
1.0988913441328107e-06
4.8475922491484825e-06
5.140703184182001e-06
0.0
0.0
2.467272527358265e-06
2.9806202208835375e-06
0.0
3.3707723321510078e-06
0.0
0.0
0.013191894759298538
1.5495326696209704e-06
0.0
1.9815995433053113e-06
1.5413710754486187e-06
4.410710871677139e-06
0.0
0.013191894759298538
4.3847656122135185e-06
0.0
0.0
1.5201521829282594e-06
0.0
0.013191894759298538
0.0
0.013191894759298538
1.6600269200359506e-06
3.239502422053693e-07
0.0
2.610701684228472e-06
0.0
1.6880158266099059e-06
0.0
0.0
9.939545104601617e-07
3.146874112008105e-06
5.604605400286969e-07
5.612099180793017e-06
2.964571881701332e-06
4.806899605258479e-07
4.618888634167775e-06
1.69971711054419e-06
5.5058566462294965e-06
2.075429717006396e-06
1.9885348706769726e-06
3.8136352903135874e-06
1.6721423365183491e-06
1.4611491691826767e-06
3.992679159296923e-06
1.7431898912031115e-06
2.960335820917648e-06
7.588785852986651e-07
0.0
1.3331239293676312e-06
1.4194566779847755e-06
3.1093989864834514e-06
3.7229157435570716e-06
0.0
5.620743031390336e-07
5.574440486524316e-07
2.6938539597137406e-06
3.6832092958877114e-06
3.5439001315307058e-06
4.47602626243416e-06
1.9442093280360395e-06
3.175314574793388e-06
4.611886240700438e-06
2.6418531420636017e-06
4.7874404550059555e-06
0.0
5.048810082547714e-06
1.936150644007411e-06
7.744790468247778e-07
0.0
4.66169701480541e-06
0.0
4.396271909487329e-06
5.492343032776386e-06
0.0
4.700854594933519e-06
0.0
0.0
5.455894010218752e-06
1.3386625278546043e-06
1.0628364442685165e-06
4.4375956886439317e-07
1.8748810247329484e-06
2.447961451775665e-06
5.999214364904964e-07
2.1212734007444572e-06
4.149141106955308e-06
5.146585458870218e-06
0.0
2.8174244916838634e-06
6.059364894459721e-07
0.0
1.2437777846753967e-06
2.6260847263572353e-06
5.704332842641463e-06
2.3028001615193323e-06
7.99327767712869e-08
0.0
1.6581826985992409e-06
1.0198054332491675e-06
7.196060261682647e-07
4.320224796709164e-06
1.0621868363339708e-07
5.107178352201861e-06
8.079403125748244e-07
2.94131764799356e-06
4.139202474501577e-07
0.0
3.7120225630746867e-06
5.0511980339793725e-06
4.220694601082343e-06
4.511800541795623e-06
2.1833207701696434e-06
3.924137093925007e-06
5.310973715539663e-08
0.0
0.0
0.0
2.0375937945741743e-06
2.0638456069892016e-06
2.3640910689900326e-06
4.068379437290469e-06
2.889422638824603e-08
5.234832369821748e-06
0.0
5.467081276961242e-06
0.0
2.154487735429678e-06
4.542467922807676e-06
4.681161315561574e-06
4.708500816724149e-06
5.0652198929355885e-06
4.321284665184274e-06
0.0
3.07815316408682e-06
1.9578835453604064e-06
3.7431265387896597e-06
1.997865717123801e-06
4.489608900967362e-06
2.908209433796455e-06
2.485678097789368e-06
2.007765442942943e-06
0.0
1.5875417859399028e-06
0.0
1.8649493964822832e-06
9.338857383445596e-07
3.950909147141391e-06
1.8283822351748867e-06
4.012497411969983e-06
6.827143535011495e-07
1.5955492030128437e-06
5.959758264769413e-07
1.983612407405281e-07
1.1554960552739459e-06
1.2370981918486583e-06
1.825505310093281e-06
4.4150070704442685e-06
2.864138581879598e-06
2.085813136586156e-06
2.15130425407529e-07
0.0
0.0
5.387114361721975e-06
4.060388445090383e-06
3.429590809964405e-06
1.1631676313779573e-06
9.446588396142297e-07
1.1302198544668467e-06
8.431956495211229e-07
3.3461146063930058e-06
1.657715258075754e-06
2.953109123696483e-06
3.3239507632355222e-06
0.0
0.0
5.875092844026197e-07
4.172412802102753e-06
4.3945360996534484e-06
0.0
4.210569257513361e-06
0.013191894759298538
0.0
5.129019083361472e-07
2.136206897073201e-06
0.0
1.3704776580927951e-06
3.0746107639811762e-06
0.0
3.900827494830441e-06
5.602309423087969e-06
4.3033054766356575e-06
9.92632335074835e-07
0.0
5.63482974051676e-06
3.6111000364974965e-06
9.723271702310586e-07
0.0
4.7249702064366355e-06
3.3693941940595767e-06
1.369938892794158e-06
0.0
3.7706448449720444e-06
2.558617140485836e-06
2.2795765213926027e-06
0.0
3.03609500931665e-06
0.013191894759298538
3.1455010885257075e-06
1.3009913685530496e-06
2.6893424683430087e-06
3.6663618535192196e-08
0.0
3.997615186079129e-07
1.5282093222175168e-06
1.6338140743285024e-06
3.7607725644940583e-06
0.0
1.5946110768688657e-06
2.681148636231344e-06
3.2612155936042715e-06
6.62168415451473e-07
5.414340753231199e-06
4.3474966387401713e-07
4.274983221728339e-06
4.295550688376684e-06
2.3075924435870285e-06
2.3282831716943593e-06
2.9423945600596334e-06
4.559886380911885e-06
3.5686999690649187e-06
5.948966132349874e-07
0.0
3.4957931140674326e-06
5.636191513010029e-06
4.696429349031349e-07
5.0427732156225245e-06
1.7996379137425426e-06
1.414974358451877e-06
1.7040304121939959e-06
5.14367176906765e-06
2.5156397289088556e-06
7.683436533771494e-07
3.8407309019075514e-06
7.808707372325811e-07
4.186565519056628e-06
3.8125057228844686e-06
0.0
5.581928222048925e-06
4.57699764242326e-06
5.961213385405087e-07
2.4357785880839396e-06
4.6885320895927095e-06
4.256306316340034e-06
2.5258460482871643e-06
1.3722713000549287e-06
2.1527149564208756e-06
5.096452097042834e-06
2.7868170824396716e-06
3.125058596615711e-06
4.055708066574185e-07
7.496157433995402e-07
0.0
1.3901091583236566e-06
2.2760962814463043e-06
1.1083714007116782e-06
0.0
2.295495960822246e-08
1.6959582870752143e-06
4.435591353575473e-06
4.947304787214103e-06
1.6979233005716175e-06
9.60060608751357e-07
5.642041654379728e-07
0.0
4.438554133453923e-06
3.500073468767374e-06
4.941916280709722e-06
0.0
4.559986032517574e-06
5.955864951733561e-07
2.5378248677603105e-06
3.275949931501264e-06
3.1846562134482486e-06
2.584356119888155e-06
3.820805865958495e-06
4.677991208946735e-07
2.3220450930710982e-07
2.463469163575913e-06
5.54879689076186e-06
5.643232886874567e-06
4.749291193375784e-06
1.9883955524525107e-06
5.417131553663428e-06
2.6212583137135656e-06
4.8932410736410416e-06
4.910861556529256e-06
2.533407953149149e-06
5.165116565939274e-06
3.709768988943376e-06
2.2965116172522548e-07
2.4050882364901773e-06
1.7655919495008485e-06
1.3451958894741935e-07
2.6440081458659597e-06
2.3898722094898036e-06
7.784451932758233e-07
3.045878058398333e-06
0.013191894759298538
3.938284964154423e-06
4.68640231283894e-06
2.4120753958261683e-08
2.431992327864488e-06
2.4988030054858923e-06
3.2266856337476703e-06
2.8535514342193234e-06
1.000239970333066e-06
6.904335134424815e-07
1.5135468656697604e-06
0.0
0.0
0.013191894759298538
2.9469067670434924e-06
2.4555174433791747e-08
2.1021062529577245e-06
3.627030589983081e-07
2.2545497429472094e-06
1.3978565939869242e-06
0.0
0.0
2.3218016811146675e-06
1.7711112507551214e-06
5.386151841131167e-06
0.0
1.1541758286715532e-06
2.050924917999163e-06
4.58665848544659e-06
0.013191894759298538
4.84381686746103e-06
3.087203815679513e-06
3.2104645644285273e-06
2.9686595955158186e-06
1.1989337113509415e-06
4.565275641708465e-07
3.143689131040812e-06
5.5613231560445515e-06
0.0
0.0
2.7344153497919747e-06
2.5286053118472783e-06
4.564350489843575e-06
0.0
0.0
4.32718464661353e-06
0.013191894759298538
2.4642702472136903e-06
3.6467051728633268e-06
0.0
4.429500463378268e-06
3.338461634199036e-06
2.683836163475961e-07
9.150959596801056e-07
3.2571138034982e-06
1.415564647096062e-06
2.582211184704398e-06
4.808667140108444e-06
0.013191894759298538
0.0
5.010613740903468e-06
1.4484263503624046e-06
3.160914810000838e-06
0.0
3.843928024432709e-06
4.842713819380262e-06
0.0
3.5051501278945464e-06
5.124697127458844e-06
3.1948847088842856e-06
4.4477365615595234e-06
9.83634782352845e-07
3.7342983802745284e-07
4.3987035346734e-06
1.7741745357050602e-06
3.2172304182708666e-06
8.047579158668361e-07
1.8286578896538607e-06
4.167479998852557e-06
5.5085344464154625e-06
0.0
0.0
4.155373936211862e-06
6.303033830813872e-07
5.301690207697698e-06
4.713702067192208e-06
4.593107368270772e-06
0.013191894759298538
0.0
3.7613803690114726e-06
5.416599204442866e-06
5.646343474268449e-06
3.1450749248663026e-07
5.02387323336881e-06
5.264489730757441e-06
3.455466585160733e-07
0.0
3.557073367728506e-06
2.390575506979746e-06
3.471789210825421e-06
3.740878576738734e-06
4.216280242030818e-06
0.0
1.422286836469492e-06
5.45961360808707e-06
0.0
1.235396092126782e-07
0.013191894759298538
2.8802256457894793e-06
3.958009414951448e-06
3.8953322820190665e-06
0.0
1.7655863474545823e-06
2.9897526106121825e-06
0.0
5.462069866538585e-06
4.780379471764551e-06
3.2975502441398785e-06
2.564722482238858e-06
2.7765228929388963e-06
1.4799298576926555e-06
1.1416480632555466e-06
0.0
3.957989529965468e-06
4.508588998354665e-06
3.96033042386302e-06
3.5774259435022426e-07
2.3627215311991757e-06
5.443549210660734e-06
4.187688762947174e-06
3.3575936296146748e-06
0.0
4.7218975619958825e-06
0.0
1.8734184640374448e-06
4.987280529190354e-07
1.4825842995077824e-06
1.3612467507728345e-06
5.598872836617828e-06
1.7344126591177788e-06
5.396452278667489e-06
2.3216400576719083e-06
1.4956443963849356e-06
0.0
4.725520365348622e-06
3.706504175226003e-06
0.0
2.6489646169054485e-07
2.9998279456313433e-07
0.0
7.020093858615358e-07
2.715815888231657e-06
0.0
2.752732685510624e-06
5.427263087675123e-06
2.5555339978371768e-06
2.0320970019489878e-06
1.900116218729981e-06
2.7303073109318823e-06
0.0
1.2967421793947104e-06
4.98952093595481e-06
3.6162419130212187e-06
1.6700142105493154e-07
4.898402260527813e-06
2.3318507245724067e-06
1.2136798159121722e-06
3.724682524757611e-06
2.6168332387660987e-06
4.9913325712381845e-06
0.0
2.634246760064229e-06
5.2369650349207375e-06
4.802463590977039e-06
0.0
3.5408027950668298e-06
1.5899174665943885e-06
4.1590079625669685e-06
1.5578750181129266e-06
0.0
4.4167909531309194e-06
5.174762940209671e-06
2.253234674689653e-06
0.0
6.281539339095596e-07
5.673676963425362e-06
1.0294013907062453e-06
4.099313883096262e-06
0.013191894759298538
1.1027279618699189e-07
4.810094694741079e-06
2.1383470724256904e-06
0.0
3.55969068403666e-06
2.9826910603610025e-06
1.6002824514668902e-06
3.902476837315875e-06
0.0
2.074363760186732e-06
3.6849291817653755e-06
0.0
1.4039274552314771e-06
5.63399031414392e-06
2.2105717396930095e-06
3.2060079355705427e-06
2.258365542094711e-06
3.057501739456614e-06
9.434511185404542e-07
8.352230891565579e-07
2.015417659057735e-06
4.405071318351236e-06
3.5914679607025173e-06
3.7699143612902007e-06
0.013191894759298538
2.2746930262285214e-06
3.995431679167089e-06
2.9251422125135234e-06
2.929654782968828e-06
4.946472861384067e-06
3.224838748971973e-06
0.0
2.5271829586970403e-06
3.487308394289214e-06
1.4049124049658348e-06
8.354470840871917e-07
4.07844110900145e-07
3.2453023028233725e-06
4.279607099926205e-06
4.352793618802283e-06
0.0
1.9319708856020613e-06
0.0
3.1408332394925095e-06
3.1245940452807406e-06
2.2933720211606813e-06
1.5658770849510956e-06
5.6467431949440464e-06
3.335355449237744e-06
4.533480815319322e-06
0.0
0.0
2.1291712706784404e-06
1.3129528492116137e-06
3.353594098362041e-08
6.878169720457594e-07
5.306724765358939e-06
5.261813909839917e-06
3.643480644074732e-07
3.593095866328884e-06
2.14052646171099e-06
2.041888618148278e-06
4.582964683594802e-06
0.0
4.777179068649825e-06
4.922081695219924e-06
4.552079474177927e-06
0.0
0.0
1.3650366009380967e-06
1.1980206908849069e-06
4.61094595683008e-06
4.8947894952403395e-06
3.1794633331077634e-06
0.0
3.1257226177281245e-06
2.9033556212838554e-06
3.7176889262486887e-06
1.5238470191439741e-06
4.7430644497139815e-06
3.7402919189621436e-06
3.49934507752471e-06
2.8249619955443283e-06
5.273518222443319e-06
2.82094396086059e-06
2.850480743041366e-06
2.1784766275351757e-06
3.157477792296361e-06
4.11683429741228e-07
1.3605091300956038e-06
1.8731018095697675e-06
4.5279659367150845e-06
4.595507812229561e-06
2.9946452360178617e-06
5.406228793077457e-06
3.965793537305703e-06
2.1615496025674885e-07
3.679893178358343e-06
1.4301910638886904e-06
0.0
5.152995247147819e-06
4.40705990849926e-06
4.2876745887084365e-06
4.321857383946738e-06
0.0
5.0042958738851395e-06
4.9650353559382655e-06
4.521384183975523e-06
0.0
3.134895063775758e-06
0.0
0.0
3.2609179805143557e-06
3.043234117568555e-08
3.878181511955705e-06
8.521543455193145e-07
0.0
5.4883759977949395e-06
5.437550441464809e-06
5.178318199227523e-06
3.4612002101409545e-06
1.9756502756037805e-06
0.0
8.257432204229912e-07
3.7116993900371827e-06
3.6306116758616766e-06
4.433944576341579e-06
4.191757473395492e-06
2.3843344432967096e-06
0.0
2.515754695684102e-06
2.794385013244327e-06
3.325380568216792e-06
4.036460233538328e-06
0.0
1.190522180983751e-06
1.1835065429528233e-06
5.447718794187739e-06
5.233421593269492e-06
2.8827700092466883e-06
3.644711518984039e-06
3.499903545404314e-06
0.0
1.9182921460501935e-06
0.0
1.8735005213349937e-06
8.076651696701742e-07
4.6303505439916685e-06
2.0970457633655605e-06
1.0815047019813082e-06
1.0197579020443531e-06
2.735421525123472e-06
3.974880280303606e-06
2.8680606141598196e-06
2.3270142706375865e-06
3.6572687006011574e-08
3.915596505981734e-06
1.4973122189259602e-06
3.2272871923003406e-06
0.0
0.0
5.523944928331529e-07
0.0
0.0
0.0
1.7156691410058927e-06
2.851600982146899e-06
1.0783324371768253e-06
5.742763671514101e-07
1.4306991329933988e-08
6.291960833070157e-07
2.135658755410553e-06
4.886712596160717e-06
0.0
8.812983162873363e-07
4.0750598450058744e-07
5.268937517647861e-06
3.1192368195664033e-06
5.536320009384522e-07
1.5328539824024242e-06
0.0
4.922203432007578e-06
5.173423885110551e-06
5.440453830820484e-06
4.547895754618796e-06
1.9715743916335083e-07
2.110578257107313e-06
4.9897376869479395e-06
0.0
5.576124848520077e-06
5.369906784361301e-06
0.0
7.879797685712374e-07
1.8691160232981625e-07
0.0
1.7655795086565777e-06
0.0
8.806737548115655e-07
4.600878208403546e-06
1.3541524441642473e-06
4.357493842012146e-06
1.7018297363344252e-06
1.7255884507443974e-06
0.0
3.8058844622521055e-08
1.5579332343512997e-06
0.0
4.530833425325545e-06
5.869213658546961e-07
2.984284910874595e-07
4.672228034350388e-06
0.0
8.816581406352614e-07
2.4695167458757074e-06
1.5776629575670076e-06
3.141465372270538e-07
7.897939120536923e-07
1.304745583740052e-06
0.0
4.3035160863469715e-06
4.2829346890031774e-07
0.0
5.379396333265857e-06
5.340717335511033e-06
3.4663524128539055e-06
4.414317681972012e-06
4.915888685921668e-06
4.118279752030193e-06
1.4776554072502516e-06
2.1111030489323085e-06
0.0
0.013191894759298538
2.728679202966678e-06
4.2265893491613646e-06
3.949746109868799e-06
0.0
3.928846178270662e-06
1.235117094481522e-06
5.080828128264805e-06
1.6785084830704224e-06
0.0
2.114709073671767e-06
0.0
4.133611490957044e-07
1.8299070498895854e-06
2.5889778191945904e-06
3.930005080769322e-06
0.0
1.85104797167513e-07
1.9353476420428757e-07
5.36092638060426e-06
3.1851049636975944e-06
2.158482310772887e-06
4.5694053095977125e-06
4.421191861398326e-07
3.525142626299498e-07
0.0
0.0
1.2436787226943546e-06
0.0
4.7171520281515455e-07
3.2147550546403865e-06
0.0
4.071607444447827e-06
4.861447740628643e-06
2.293363638752178e-06
4.6291763005640245e-06
0.013191894759298538
4.778689536144887e-06
3.731683452327581e-06
0.0
0.0
4.420654874608799e-06
4.21536440903863e-06
0.0
0.0
2.4935120577341575e-07
0.0
0.0
2.670699689841001e-06
2.8724827636239095e-07
0.0
3.7980833600684685e-06
1.4492184017973877e-06
5.096888063299167e-06
5.721120224682805e-06
5.741516265559291e-06
5.726618697059359e-06
9.908321042077686e-07
4.67036602783516e-06
0.0
0.0
0.0
8.662376021402577e-07
2.158183842176133e-06
3.7736481135681263e-06
5.316866683168392e-06
3.871578706495129e-06
4.341575367338154e-06
4.561832399111201e-06
4.188162545605099e-06
5.3740553367217234e-06
3.7584022779874896e-06
8.184392415975117e-08
5.456972598585767e-07
5.1513255130103844e-06
2.3408407195392556e-06
2.0162215336224065e-06
4.595634892238154e-07
2.3933026550247914e-06
7.560775258000649e-07
0.0
5.534683993703701e-06
2.0944915814367305e-06
0.0
5.279299674979527e-06
2.8487513835508027e-06
2.0716144434684314e-06
0.0
3.6346649546569073e-06
0.0
1.2744576960027665e-06
4.459680063273045e-07
0.0
1.2224191157578096e-06
0.0
3.781743098978188e-06
4.602911000328891e-06
2.5532005815471946e-06
3.6913131468711755e-07
4.206746993434664e-06
1.1132387638849975e-07
0.013191894759298538
1.678456212654588e-06
2.3596799288080695e-06
5.198733570905967e-06
1.7885242561407085e-06
0.0
2.048159214613651e-06
0.013191894759298538
3.251614639577483e-07
0.0
0.0
5.595288232212913e-06
4.3710884926881555e-06
5.610306282039171e-06
0.0
5.246676920706249e-06
5.110001659412271e-06
3.495082773931981e-06
2.4733718887216687e-06
0.0
4.78887826628754e-06
4.110501552478588e-06
3.525023337681184e-06
4.171471277866352e-06
2.6461250513657894e-06
6.434262676872852e-07
0.0
1.0749198749530754e-07
1.8745923480087126e-06
2.265138762358928e-06
1.884767267365126e-06
4.515486248278439e-06
3.111059591578121e-06
0.0
0.0
0.0
2.1717243808417926e-06
4.138344703511349e-06
4.200173607641082e-06
8.995062687016209e-07
5.155543384234122e-07
2.899379260067402e-06
4.425826318253662e-06
5.767416493348841e-07
0.0
5.682772827834464e-06
2.8542039939632744e-06
0.0
5.620118723165961e-06
0.0
4.267829180461393e-06
4.95728528769244e-06
3.4314487418461715e-06
5.442268278748899e-06
5.465568435432997e-06
6.064930793935932e-07
3.865722390983232e-06
1.0333739030201151e-06
4.161581872775102e-06
2.4590331502748667e-06
5.620323005650455e-07
1.5558892546867756e-06
2.9538631901944075e-06
4.627446486797025e-06
3.4525392855854976e-06
3.372432207945441e-06
1.2108411241648288e-06
3.453654007332372e-06
9.403614174114183e-07
3.828144846517393e-06
3.056525690676037e-06
1.7258507185846585e-07
0.0
1.2725305500097476e-06
3.1431272140599384e-06
0.0
3.4530829248257e-06
4.434309835461609e-06
0.0
4.7718640032800155e-06
1.753084880090086e-06
4.343630074182475e-06
5.163492961873961e-06
0.0
5.086479403855497e-06
5.901703225555889e-07
4.01412308983725e-06
8.199760903880808e-07
3.5973164478857024e-06
4.001032723907815e-06
0.0
0.0
4.846914711212099e-06
4.561461195764033e-06
0.0
1.0311712165638404e-06
5.267249551442017e-06
3.5557968709216494e-08
2.8304583208193933e-06
0.0
1.6499439438001487e-06
2.960434796767602e-06
5.562346929537452e-06
5.135114785284146e-07
0.0
3.4318409041643507e-06
1.7211197490247047e-06
0.0
2.216421215356371e-06
2.990265244102642e-06
2.2433614179704285e-07
5.661690947419059e-06
1.5476545259036195e-06
3.7692594395875567e-07
4.911906911305821e-06
5.378612797470504e-06
4.7631266038120295e-06
4.255584531110674e-06
2.995446156428653e-07
8.768732511321926e-07
0.0
