27
C.aethiops	0.0	-2.061388	-2.010033	-6.79112	-3.640294	-8.099067	-1.820431	-1.901627	-1.962525	-2.014518	-2.255773	-2.165364	-2.129389	-1.656127	-2.282149	-2.420463	-2.228093	-2.111319	-2.30446	-2.329351	-2.032798	-2.206449	-2.370508	-2.007271	-2.213502	-1.80921	-2.260809	
C.albifron	-2.061388	0.0	-1.867595	-2.093257	-2.132088	-2.110282	-2.058183	-2.119023	-2.123918	-2.224154	-1.557351	-2.129344	-2.179785	-1.633634	-1.899261	-2.340152	-1.89515	-2.139864	-1.851501	-1.931739	-2.157666	-2.247883	-1.939619	-2.160828	-1.859096	-1.637624	-1.891539	
C.guereza 	-2.010033	-1.867595	0.0	-2.100434	-2.108941	-2.117298	-1.792585	-2.018938	-2.039877	-2.083931	-1.501181	-2.086325	-2.15227	-1.520206	-2.202262	-2.464834	-2.362444	-2.131105	-2.159282	-2.234272	-2.053727	-2.271892	-2.344775	-2.017354	-2.153863	-1.619246	-2.223924	
C.pygeryth	-6.79112	-2.093257	-2.100434	0.0	-3.749491	-5.766417	-1.825171	-1.99017	-2.014207	-2.053761	-1.795353	-2.215949	-2.162541	-1.633624	-2.389566	-2.476766	-2.340936	-2.107337	-2.451316	-2.459296	-2.084184	-2.193479	-2.454977	-2.054694	-2.343661	-1.812349	-2.405474	
C.sabaeus 	-3.640294	-2.132088	-2.108941	-3.749491	0.0	-3.569417	-1.872535	-2.002755	-2.067584	-2.071698	-1.80009	-2.165066	-2.209845	-1.705125	-2.348453	-2.382276	-2.357837	-2.169583	-2.398904	-2.461142	-2.101768	-2.247448	-2.476414	-2.103319	-2.394981	-1.823065	-2.447008	
C.tantalus	-8.099067	-2.110282	-2.117298	-5.766417	-3.569417	0.0	-1.861387	-1.99768	-2.003237	-2.060117	-2.297792	-2.183883	-2.240333	-1.6819	-2.369164	-2.435433	-2.332192	-2.132382	-2.420977	-2.458763	-2.08778	-2.213618	-2.461105	-2.057216	-2.285503	-1.844568	-2.399105	
C.variegat	-1.820431	-2.058183	-1.792585	-1.825171	-1.872535	-1.861387	0.0	-1.770245	-1.856233	-1.825546	1.635719	-1.809114	-1.834101	-1.590598	-2.120335	-2.09329	-1.986599	-1.82933	-2.0304	-2.012756	-1.800416	-1.990329	-2.057793	-1.79303	-1.972805	-2.019578	-2.033898	
G.gorilla 	-1.901627	-2.119023	-2.018938	-1.99017	-2.002755	-1.99768	-1.770245	0.0	-2.090743	-2.374674	-1.68429	-2.006005	-2.033818	-1.653304	-2.209606	-2.595224	-2.20063	-1.99172	-2.288903	-2.18206	-2.441914	-2.276489	-2.275007	-2.363659	-2.187698	-1.845609	-2.21692	
H.lar     	-1.962525	-2.123918	-2.039877	-2.014207	-2.067584	-2.003237	-1.856233	-2.090743	0.0	-2.055233	-1.816982	-1.989083	-2.090011	-1.730604	-2.175433	-2.396754	-2.179552	-1.951062	-2.234723	-2.155188	-2.159357	-2.135761	-2.219361	-2.109607	-2.115374	-1.867204	-2.177532	
H.sapiens 	-2.014518	-2.224154	-2.083931	-2.053761	-2.071698	-2.060117	-1.825546	-2.374674	-2.055233	0.0	-1.766875	-2.029823	-2.131027	-1.6837	-2.286475	-2.504202	-2.311514	-1.990244	-2.261008	-2.256977	-2.696721	-2.248769	-2.358535	-2.76668	-2.210016	-1.864186	-2.259433	
L.catta   	-2.255773	-1.557351	-1.501181	-1.795353	-1.80009	-2.297792	1.635719	-1.68429	-1.816982	-1.766875	0.0	-1.705048	-1.65898	-1.488216	-1.622843	-1.718185	-1.546381	-1.607648	-1.443683	-1.520578	-1.716955	-1.729755	-1.520803	-1.676534	-1.55584	-1.377962	-1.602985	
M.mulatta 	-2.165364	-2.129344	-2.086325	-2.215949	-2.165066	-2.183883	-1.809114	-2.006005	-1.989083	-2.029823	-1.705048	0.0	-2.567582	-1.743841	-2.351614	-2.358698	-2.307152	-2.246234	-2.385658	-2.358129	-2.079457	-2.245976	-2.41179	-2.025629	-2.294834	-1.835353	-2.327478	
M.sylvanus	-2.129389	-2.179785	-2.15227	-2.162541	-2.209845	-2.240333	-1.834101	-2.033818	-2.090011	-2.131027	-1.65898	-2.567582	0.0	-1.748594	-2.419755	-2.506491	-2.382778	-2.257082	-2.452279	-2.410235	-2.114749	-2.313335	-2.618742	-2.085576	-2.364313	-1.811194	-2.445842	
N.coucang 	-1.656127	-1.633634	-1.520206	-1.633624	-1.705125	-1.6819	-1.590598	-1.653304	-1.730604	-1.6837	-1.488216	-1.743841	-1.748594	0.0	-1.674847	-1.896396	-1.681338	-1.691128	-1.87031	-1.852748	-1.691285	-1.903594	-1.726987	-1.728752	-1.644369	-1.691728	-1.62196	
N.larvatus	-2.282149	-1.899261	-2.202262	-2.389566	-2.348453	-2.369164	-2.120335	-2.209606	-2.175433	-2.286475	-1.622843	-2.351614	-2.419755	-1.674847	0.0	-2.462995	-2.125078	-2.409988	-2.255932	-2.30635	-2.211617	-2.386268	-2.373484	-2.149463	-2.145329	-1.702857	-2.338112	
P.abelii  	-2.420463	-2.340152	-2.464834	-2.476766	-2.382276	-2.435433	-2.09329	-2.595224	-2.396754	-2.504202	-1.718185	-2.358698	-2.506491	-1.896396	-2.462995	0.0	-2.324095	-2.461735	-2.416102	-2.334263	-2.562396	-4.245943	-2.467412	-2.469999	-2.324978	-2.06831	-2.333555	
P.badius  	-2.228093	-1.89515	-2.362444	-2.340936	-2.357837	-2.332192	-1.986599	-2.20063	-2.179552	-2.311514	-1.546381	-2.307152	-2.382778	-1.681338	-2.125078	-2.324095	0.0	-2.371054	-2.102515	-2.175454	-2.305113	-2.266512	-2.072985	-2.284585	-2.007324	-1.699631	-2.099642	
P.hamadrya	-2.111319	-2.139864	-2.131105	-2.107337	-2.169583	-2.132382	-1.82933	-1.99172	-1.951062	-1.990244	-1.607648	-2.246234	-2.257082	-1.691128	-2.409988	-2.461735	-2.371054	0.0	-2.394171	-2.391794	-2.023458	-2.191418	-2.463748	-2.057621	-2.359137	-1.949695	-2.327595	
P.melaloph	-2.30446	-1.851501	-2.159282	-2.451316	-2.398904	-2.420977	-2.0304	-2.288903	-2.234723	-2.261008	-1.443683	-2.385658	-2.452279	-1.87031	-2.255932	-2.416102	-2.102515	-2.394171	0.0	-2.062621	-2.328175	-2.39317	-2.164692	-2.267355	-2.112988	-1.649797	-2.163436	
P.nemaeus 	-2.329351	-1.931739	-2.234272	-2.459296	-2.461142	-2.458763	-2.012756	-2.18206	-2.155188	-2.256977	-1.520578	-2.358129	-2.410235	-1.852748	-2.30635	-2.334263	-2.175454	-2.391794	-2.062621	0.0	-2.263333	-2.327	-2.269927	-2.237786	-2.103014	-1.688871	-2.096984	
P.paniscus	-2.032798	-2.157666	-2.053727	-2.084184	-2.101768	-2.08778	-1.800416	-2.441914	-2.159357	-2.696721	-1.716955	-2.079457	-2.114749	-1.691285	-2.211617	-2.562396	-2.305113	-2.023458	-2.328175	-2.263333	0.0	-2.457066	-2.356434	-5.012468	-2.197028	-1.9767	-2.323251	
P.pygmaeus	-2.206449	-2.247883	-2.271892	-2.193479	-2.247448	-2.213618	-1.990329	-2.276489	-2.135761	-2.248769	-1.729755	-2.245976	-2.313335	-1.903594	-2.386268	-4.245943	-2.266512	-2.191418	-2.39317	-2.327	-2.457066	0.0	-2.430701	-2.333724	-2.223472	-1.974176	-2.325809	
P.roxellan	-2.370508	-1.939619	-2.344775	-2.454977	-2.476414	-2.461105	-2.057793	-2.275007	-2.219361	-2.358535	-1.520803	-2.41179	-2.618742	-1.726987	-2.373484	-2.467412	-2.072985	-2.463748	-2.164692	-2.269927	-2.356434	-2.430701	0.0	-2.337083	-2.220683	-1.719742	-2.215265	
P.troglody	-2.007271	-2.160828	-2.017354	-2.054694	-2.103319	-2.057216	-1.79303	-2.363659	-2.109607	-2.76668	-1.676534	-2.025629	-2.085576	-1.728752	-2.149463	-2.469999	-2.284585	-2.057621	-2.267355	-2.237786	-5.012468	-2.333724	-2.337083	0.0	-2.182322	-1.880852	-2.235938	
S.entellus	-2.213502	-1.859096	-2.153863	-2.343661	-2.394981	-2.285503	-1.972805	-2.187698	-2.115374	-2.210016	-1.55584	-2.294834	-2.364313	-1.644369	-2.145329	-2.324978	-2.007324	-2.359137	-2.112988	-2.103014	-2.197028	-2.223472	-2.220683	-2.182322	0.0	-1.667449	-2.103486	
T.bancanus	-1.80921	-1.637624	-1.619246	-1.812349	-1.823065	-1.844568	-2.019578	-1.845609	-1.867204	-1.864186	-1.377962	-1.835353	-1.811194	-1.691728	-1.702857	-2.06831	-1.699631	-1.949695	-1.649797	-1.688871	-1.9767	-1.974176	-1.719742	-1.880852	-1.667449	0.0	-1.629234	
T.obscurus	-2.260809	-1.891539	-2.223924	-2.405474	-2.447008	-2.399105	-2.033898	-2.21692	-2.177532	-2.259433	-1.602985	-2.327478	-2.445842	-1.62196	-2.338112	-2.333555	-2.099642	-2.327595	-2.163436	-2.096984	-2.323251	-2.325809	-2.215265	-2.235938	-2.103486	-1.629234	0.0	
